206 206 296 248 241 208 186 157 243 0
206 206 296 247 241 208 186 158 243 0
206 206 296 248 241 210 187 158 244 0
207 207 297 248 243 210 187 156 245 0
208 208 294 248 242 209 187 157 246 0
208 208 294 248 242 210 188 157 246 0
209 209 294 248 242 209 188 157 246 0
209 209 294 249 241 208 187 156 245 0
208 209 294 248 242 209 187 157 245 0
209 209 294 248 241 208 186 156 244 0
208 208 294 248 242 208 186 156 245 0
209 208 294 248 242 209 187 156 244 0
209 209 294 249 242 209 187 157 246 0
209 208 294 249 242 209 188 157 245 0
208 209 295 249 241 208 188 157 245 0
209 209 294 249 242 209 188 156 245 0
208 209 294 249 242 210 188 157 245 0
209 209 294 249 242 209 188 157 245 0
209 208 294 249 242 209 187 155 245 0
208 209 295 249 242 209 188 155 245 0
209 209 295 249 242 209 188 156 245 0
209 209 295 249 241 209 188 156 245 0
209 210 295 249 241 209 188 156 244 0
209 210 295 249 242 208 187 157 245 0
209 210 294 248 241 209 188 156 245 0
210 210 294 248 242 209 188 156 245 0
210 210 295 249 242 209 188 156 245 0
210 210 295 249 241 210 188 157 245 0
210 210 295 249 241 209 187 157 245 0
210 210 294 249 242 209 187 157 244 0
210 210 294 248 241 209 187 157 245 0
208 208 294 249 240 209 188 157 246 0
209 209 294 248 240 210 188 157 246 0
208 208 294 249 240 209 188 157 246 0
208 208 295 249 240 209 188 157 245 0
208 208 295 249 240 209 187 157 245 0
208 209 295 249 240 209 187 157 244 0
208 208 295 249 240 209 187 157 244 0
208 208 294 249 240 208 187 157 245 0
208 209 294 249 240 208 187 157 244 0
208 208 294 249 240 209 188 157 244 0
209 209 294 249 240 209 187 157 244 0
209 209 294 249 240 209 188 157 244 0
211 210 297 249 245 210 188 157 245 0
211 212 297 249 243 210 189 158 245 0
212 211 296 249 242 209 188 158 245 0
212 212 297 249 242 210 188 157 245 0
212 213 297 250 242 210 189 158 245 0
212 212 296 249 242 210 189 157 245 0
212 212 296 249 242 209 189 157 245 0
212 212 296 249 242 210 189 157 245 0
212 212 296 250 243 210 189 157 245 0
213 212 296 250 242 210 189 158 245 0
212 212 296 249 242 209 189 157 245 0
212 212 296 249 242 210 189 157 245 0
213 212 296 249 243 210 189 158 245 0
212 212 296 249 242 210 188 157 245 0
212 212 296 249 242 209 189 158 245 0
213 213 297 249 242 209 188 158 245 0
212 212 296 249 243 209 188 158 245 0
212 213 296 250 242 209 188 158 245 0
212 212 296 249 242 209 188 158 245 0
212 212 296 249 242 209 189 158 244 0
212 212 296 250 242 210 189 158 245 0
213 212 297 250 242 210 189 159 246 0
213 213 297 249 242 209 190 159 246 0
212 213 296 249 242 210 190 158 245 0
213 213 297 249 242 209 189 159 245 0
212 212 296 249 242 209 190 159 245 0
212 212 296 250 243 210 190 158 245 0
212 212 296 249 242 210 190 159 245 0
212 213 296 250 242 210 189 158 245 0
214 213 300 250 246 210 190 159 246 0
214 214 300 249 246 210 190 158 246 0
214 214 299 250 245 210 191 158 245 0
214 214 299 250 245 210 191 158 246 0
214 214 299 250 245 210 191 159 245 0
214 214 299 250 244 210 191 159 246 0
214 214 299 249 244 210 190 159 245 0
214 214 299 250 244 210 191 159 246 0
214 214 299 249 244 210 191 159 245 0
215 215 299 250 244 210 191 158 246 0
214 215 299 249 244 211 191 159 246 0
214 214 299 249 245 210 192 159 246 0
215 215 299 249 244 210 191 158 246 0
213 214 299 249 243 210 191 159 246 0
213 213 299 249 243 210 191 159 246 0
215 215 299 249 243 211 192 158 248 0
214 214 298 249 244 210 192 158 247 0
214 214 298 249 244 210 192 158 247 0
214 214 298 249 243 210 192 157 247 0
214 214 299 249 243 210 192 158 247 0
214 214 298 249 243 210 192 158 246 0
214 214 298 249 244 210 192 158 246 0
215 215 298 249 243 211 192 158 247 0
155 107 205 232 137 198 182 109 190 1
155 108 208 231 139 198 182 77 191 1
129 129 198 230 131 197 181 105 190 1
155 107 205 232 137 198 182 109 190 1
155 108 208 231 139 198 182 77 191 1
156 108 209 231 139 198 182 83 191 1
156 108 209 231 139 198 182 85 191 1
133 133 208 231 134 198 182 92 191 1
158 105 208 231 134 199 182 93 192 1
133 133 209 231 135 198 182 93 192 1
133 134 209 230 135 198 182 93 192 1
133 133 209 221 135 198 182 93 192 1
132 133 211 217 137 198 182 93 191 1
133 133 212 220 137 198 182 93 190 1
133 133 212 221 138 199 182 94 192 1
134 134 212 222 138 199 183 94 192 1
134 134 212 222 138 198 182 93 192 1
134 133 212 223 138 199 182 94 192 1
134 134 212 222 138 199 182 94 193 1
134 134 212 222 138 199 182 94 192 1
134 134 212 222 138 198 183 94 192 1
134 134 213 223 139 199 183 94 192 1
134 134 213 223 138 199 182 95 193 1
135 134 213 223 139 199 182 95 193 1
135 135 213 224 139 199 182 95 193 1
135 135 214 225 139 199 183 96 193 1
135 135 213 225 140 199 183 96 193 1
135 135 214 225 140 198 182 96 193 1
135 135 214 225 139 199 182 96 193 1
135 135 214 226 139 199 182 96 193 1
135 136 214 226 139 199 182 96 193 1
135 136 214 226 140 199 182 96 193 1
135 135 214 226 140 199 182 97 193 1
136 135 214 226 140 199 182 97 193 1
136 135 214 226 141 199 183 97 194 1
135 135 214 226 140 198 183 97 194 1
135 136 214 227 140 199 182 97 194 1
136 136 214 227 141 199 182 97 194 1
135 136 214 227 141 199 182 97 194 1
136 136 214 227 141 199 182 98 194 1
137 136 215 227 141 199 183 98 194 1
137 136 215 228 141 199 182 98 194 1
136 137 215 228 143 199 183 99 193 1
137 137 216 229 142 199 182 99 195 1
138 138 217 235 145 199 182 102 195 1
138 138 218 237 145 199 182 102 195 1
139 138 218 236 145 199 182 102 195 1
138 138 219 236 144 199 182 102 195 1
138 138 218 236 145 199 182 102 195 1
139 139 218 236 145 199 183 102 195 1
137 136 215 234 142 199 182 103 195 1
137 137 216 234 142 199 182 103 195 1
138 137 216 234 142 199 182 103 195 1
137 137 216 234 143 199 182 104 195 1
137 137 216 235 142 199 182 103 196 1
138 138 216 235 142 200 182 103 195 1
138 137 216 234 143 199 183 103 195 1
139 138 216 234 144 200 182 102 195 1
139 138 216 235 143 200 183 103 196 1
138 138 216 234 143 199 183 103 196 1
138 139 217 235 143 200 182 104 195 1
138 138 217 234 144 200 183 104 195 1
138 138 217 235 144 200 182 103 195 1
139 138 217 235 144 199 183 103 195 1
138 139 217 235 144 199 183 103 196 1
138 138 217 235 144 199 183 103 196 1
138 139 217 234 144 199 183 104 196 1
139 139 218 235 144 200 182 103 195 1
139 139 217 234 144 200 183 103 196 1
139 139 218 235 144 200 182 103 196 1
139 139 218 235 144 199 182 104 196 1
140 139 217 235 144 199 183 103 195 1
139 139 218 235 144 200 183 103 196 1
139 139 218 235 144 200 182 103 196 1
139 140 218 235 145 199 183 103 196 1
140 140 218 235 145 200 183 103 196 1
139 139 218 235 144 200 182 104 196 1
140 140 218 235 145 200 183 104 196 1
139 140 218 234 145 200 183 103 196 1
139 140 218 235 145 200 182 105 196 1
140 140 219 236 146 200 183 104 197 1
140 141 219 235 146 200 183 104 196 1
141 140 219 235 145 199 183 104 197 1
140 141 219 235 146 200 183 105 196 1
141 140 219 235 147 199 183 104 196 1
140 141 219 235 146 200 183 104 196 1
140 141 219 235 146 200 183 104 196 1
141 141 219 235 146 200 183 105 196 1
141 140 219 235 147 200 183 105 196 1
141 141 219 235 146 200 183 105 197 1
141 141 219 235 146 199 183 105 197 1
142 141 219 235 146 200 183 106 197 1
141 141 219 235 146 200 183 106 196 1
141 142 219 235 147 200 183 106 196 1
142 142 220 235 147 200 183 108 197 1
142 142 220 235 147 200 183 107 197 1
143 142 220 235 147 200 183 107 196 1
142 143 220 235 147 200 183 108 197 1
142 142 221 235 146 200 183 108 197 1
142 142 221 235 147 200 183 108 197 1
142 142 220 235 148 200 183 108 197 1
143 142 221 235 147 200 183 109 197 1
269 122 295 195 241 209 181 154 247 2
268 168 295 197 241 168 181 155 247 2
268 167 295 198 241 167 181 155 247 2
269 122 295 195 241 209 181 154 247 2
268 168 295 197 241 168 181 155 247 2
267 169 295 198 241 168 181 156 247 2
267 168 295 198 240 169 181 155 246 2
267 168 295 199 241 168 181 154 247 2
267 169 295 199 241 168 180 155 247 2
267 124 295 199 241 209 181 155 247 2
266 124 294 199 241 209 181 155 246 2
266 125 295 198 240 209 180 155 247 2
266 125 294 200 240 209 181 155 247 2
266 126 294 200 240 209 180 155 247 2
265 126 294 201 240 208 181 154 247 2
266 126 295 201 240 209 181 155 247 2
266 126 295 202 240 209 181 155 247 2
265 126 294 202 240 208 181 155 247 2
265 126 294 202 240 209 180 154 246 2
264 127 294 202 240 209 181 154 247 2
264 126 294 203 240 209 180 154 247 2
265 126 294 203 240 208 180 154 247 2
264 127 294 203 240 208 180 154 247 2
264 126 294 203 240 208 180 154 246 2
264 127 294 204 240 209 180 154 247 2
264 127 294 205 239 208 180 155 246 2
264 127 294 205 239 209 180 155 246 2
264 127 294 205 239 209 180 155 246 2
198 198 294 205 237 208 181 154 245 2
267 121 294 205 238 208 180 154 245 2
266 122 294 205 238 208 181 153 245 2
265 123 295 205 238 208 181 152 245 2
265 123 294 207 239 208 180 153 245 2
265 124 294 207 239 207 181 152 245 2
264 124 293 207 239 208 181 151 245 2
265 124 294 207 239 208 180 152 245 2
264 124 294 207 238 208 180 152 245 2
264 124 294 207 239 208 180 151 245 2
264 124 294 207 238 207 181 152 245 2
263 125 294 208 239 208 180 151 245 2
263 124 294 208 238 208 180 152 245 2
263 124 293 207 239 208 180 151 245 2
263 125 293 208 239 207 180 152 245 2
268 125 295 208 239 208 181 152 246 2
199 199 293 208 228 208 181 153 245 2
265 120 292 209 226 208 181 153 246 2
265 122 292 208 226 208 181 153 245 2
265 123 292 209 226 208 181 153 246 2
264 124 293 209 226 208 181 153 246 2
264 124 292 209 226 208 181 153 246 2
264 124 292 209 226 208 181 153 245 2
264 125 292 210 226 208 181 152 246 2
264 125 292 210 226 208 182 152 246 2
263 124 292 210 226 208 181 152 246 2
263 125 292 209 226 208 182 153 246 2
260 126 289 209 225 208 181 149 246 2
261 126 289 209 225 208 181 150 246 2
263 127 290 209 225 208 182 151 247 2
263 128 290 210 224 209 182 151 247 2
263 128 289 210 223 208 182 152 246 2
202 202 290 212 226 209 182 152 246 2
202 202 290 212 227 209 181 152 246 2
202 202 290 210 227 208 182 152 246 2
202 202 289 211 227 209 182 152 247 2
202 202 290 211 228 208 182 152 247 2
202 202 289 212 227 209 182 152 246 2
202 202 290 211 227 208 182 152 246 2
202 202 290 212 227 208 181 152 246 2
202 202 289 212 227 209 182 151 246 2
202 202 290 212 227 209 181 152 246 2
202 202 290 214 227 209 181 152 246 2
203 203 289 213 226 209 182 152 247 2
262 131 290 201 228 209 182 152 247 2
262 131 289 203 228 209 182 151 247 2
262 132 289 205 229 209 182 152 247 2
262 131 289 206 229 209 181 151 247 2
261 132 289 207 228 209 181 151 247 2
261 132 289 207 229 209 181 151 246 2
262 132 289 209 230 209 181 151 247 2
262 133 289 209 230 209 181 151 247 2
262 133 289 210 230 209 181 152 247 2
261 134 289 210 230 208 181 152 247 2
260 133 288 211 230 208 181 151 247 2
260 133 288 211 230 209 181 151 247 2
260 133 288 211 230 209 181 152 246 2
260 133 289 212 231 208 181 152 247 2
260 133 288 210 229 209 181 152 247 2
260 133 288 212 230 209 181 152 247 2
260 134 288 211 229 209 181 151 247 2
260 134 289 211 229 209 181 151 247 2
268 132 295 205 236 209 181 153 247 2
268 133 296 208 237 209 182 154 247 2
267 134 295 208 237 209 182 155 247 2
267 133 295 209 237 209 182 155 248 2
266 134 295 226 237 209 181 155 247 2
265 134 295 226 237 209 181 155 247 2
265 134 295 226 237 209 181 155 247 2
265 134 295 226 237 209 182 154 247 2
201 112 229 242 180 205 185 121 232 3
200 112 228 242 179 205 185 119 233 3
201 112 229 242 180 205 185 120 232 3
201 112 229 242 180 205 185 121 232 3
200 112 228 242 179 205 185 119 233 3
201 112 229 242 180 205 185 120 232 3
201 112 229 242 180 205 185 121 232 3
200 112 228 242 179 205 185 119 233 3
199 113 227 242 179 205 185 119 232 3
200 113 227 242 179 206 186 119 232 3
199 113 227 242 179 206 186 119 232 3
199 112 227 242 179 206 185 120 232 3
199 112 227 242 178 205 186 120 232 3
199 112 227 241 180 206 185 119 232 3
200 113 227 242 179 206 186 119 233 3
200 112 228 241 180 206 185 121 232 3
200 112 228 242 180 205 185 120 232 3
200 112 228 242 180 206 185 121 233 3
200 112 228 242 180 205 185 121 232 3
201 112 228 241 180 206 185 123 233 3
201 113 228 242 180 206 185 121 232 3
201 113 228 242 180 206 185 121 232 3
201 113 228 241 180 206 186 122 232 3
201 113 227 242 180 206 185 121 232 3
201 113 228 239 181 206 185 122 232 3
201 113 228 240 181 206 186 121 233 3
201 113 228 240 181 206 185 122 232 3
201 113 228 240 181 205 185 122 233 3
201 113 228 241 181 206 185 122 233 3
201 113 228 240 182 206 185 122 232 3
201 113 228 240 181 206 186 122 232 3
201 113 228 240 181 206 185 122 232 3
201 113 229 237 181 206 186 122 232 3
202 114 229 240 181 206 185 122 232 3
202 113 228 239 182 206 184 123 233 3
202 113 228 242 185 206 185 124 233 3
202 114 228 242 185 206 185 123 232 3
202 162 228 241 184 162 185 124 232 3
201 162 226 242 184 163 185 123 233 3
201 162 227 242 183 162 185 123 233 3
202 162 227 241 181 162 185 122 232 3
202 162 227 241 182 162 185 124 232 3
203 162 227 241 183 163 185 124 233 3
202 162 227 241 183 163 185 124 233 3
202 162 227 242 183 162 185 124 232 3
202 163 228 242 184 163 185 124 233 3
202 163 227 241 184 162 185 124 232 3
202 163 228 241 184 163 185 124 233 3
201 163 227 241 183 163 185 124 233 3
202 115 227 241 183 205 185 124 232 3
202 115 227 242 184 206 185 124 233 3
203 114 227 241 184 206 185 124 233 3
202 115 227 241 183 206 186 124 233 3
202 115 227 242 184 205 185 124 233 3
202 115 227 241 183 206 185 124 233 3
203 115 228 241 183 206 185 123 233 3
202 163 228 241 183 163 185 124 233 3
202 163 227 241 183 162 185 123 232 3
202 163 227 241 184 163 185 124 233 3
202 163 227 241 184 164 185 124 233 3
202 125 228 241 183 198 185 125 233 3
202 163 228 242 184 163 185 124 233 3
203 163 227 241 183 163 185 124 233 3
202 163 227 241 184 163 185 124 233 3
202 163 228 242 184 162 185 124 233 3
202 163 227 242 183 163 185 124 233 3
202 163 227 241 183 163 186 124 233 3
202 162 228 241 184 163 186 124 233 3
203 163 228 241 183 163 186 124 233 3
202 162 227 242 184 164 185 124 232 3
202 164 228 241 184 163 184 123 233 3
202 163 228 242 184 163 185 124 233 3
203 163 228 242 184 164 185 124 233 3
203 163 228 242 184 163 185 124 233 3
202 163 228 242 184 162 185 124 234 3
203 163 228 241 184 163 185 124 233 3
203 162 228 242 183 163 185 124 233 3
203 163 228 241 184 163 185 125 233 3
203 163 228 242 183 163 185 124 233 3
203 163 228 241 183 163 185 124 233 3
203 163 228 242 184 163 185 124 233 3
203 163 228 242 183 163 185 124 233 3
203 163 229 241 183 163 185 124 233 3
202 163 228 241 185 163 185 124 233 3
203 163 228 241 184 163 185 124 233 3
203 163 228 241 184 163 185 124 233 3
207 163 234 241 183 162 186 124 233 3
205 163 233 241 183 163 185 125 233 3
207 162 236 241 181 161 185 125 233 3
230 116 255 242 195 207 185 129 235 3
222 117 245 242 194 207 186 133 237 3
222 116 244 242 193 207 186 132 237 3
221 116 244 242 192 206 186 132 236 3
221 164 244 242 193 165 186 132 236 3
220 117 244 242 192 207 186 131 237 3
220 117 244 242 193 207 186 131 237 3
220 116 244 241 192 207 186 132 237 3
219 116 243 242 192 207 186 132 237 3
219 117 243 242 192 207 186 132 237 3
219 117 244 242 192 207 186 132 237 3
219 117 244 242 192 207 187 132 237 3
219 165 243 242 192 164 186 132 237 3
219 164 243 241 192 164 186 132 237 3
198 175 214 246 233 175 181 127 241 4
197 175 214 246 233 175 180 126 240 4
198 175 214 246 233 175 181 126 240 4
198 175 214 246 233 175 181 127 241 4
197 175 214 246 233 175 180 126 240 4
198 175 213 247 233 175 180 127 240 4
198 174 213 247 233 175 180 126 240 4
199 175 212 246 233 175 180 126 240 4
198 175 212 247 233 175 181 127 240 4
198 175 212 246 233 175 181 126 240 4
199 175 213 246 232 175 181 127 240 4
198 175 213 246 233 175 180 127 240 4
199 175 213 246 233 174 181 127 240 4
198 174 214 246 233 174 181 127 240 4
198 174 214 246 233 174 181 127 240 4
199 174 214 246 233 175 180 127 240 4
198 174 214 246 233 175 180 126 240 4
199 174 214 246 233 175 181 127 240 4
198 175 214 246 233 174 181 126 240 4
199 175 214 246 233 174 180 127 241 4
198 174 215 246 233 174 181 127 240 4
198 174 214 246 233 174 181 127 240 4
199 174 214 246 233 175 180 127 240 4
198 174 214 246 233 174 180 127 240 4
198 174 215 246 233 175 180 126 241 4
199 175 214 246 234 174 181 127 240 4
199 174 214 246 233 174 180 127 240 4
199 174 215 246 233 173 180 127 240 4
199 174 215 246 233 173 181 126 240 4
199 174 214 246 233 173 181 127 240 4
199 173 214 246 233 173 181 126 240 4
199 173 215 247 233 173 181 127 240 4
199 173 215 246 233 174 180 126 240 4
199 173 215 246 234 173 181 127 240 4
200 173 215 246 233 173 181 127 240 4
199 173 215 246 233 173 181 127 241 4
200 173 215 246 233 173 180 127 240 4
200 173 215 246 233 173 181 127 240 4
199 173 215 246 234 173 181 127 240 4
200 173 216 246 233 173 181 127 241 4
200 173 216 246 234 173 180 127 241 4
200 173 215 246 233 173 180 126 241 4
200 173 216 247 233 173 180 127 241 4
200 173 215 246 233 173 181 127 240 4
200 173 215 246 233 173 180 127 240 4
200 172 216 246 233 173 181 127 240 4
200 173 215 246 233 173 181 127 240 4
200 173 215 246 234 173 181 127 241 4
200 173 216 246 234 173 181 127 241 4
201 172 215 246 233 173 181 127 240 4
200 172 215 246 233 173 180 127 240 4
200 173 215 246 233 172 180 127 240 4
201 173 215 246 234 173 181 128 240 4
200 173 215 245 234 173 181 127 240 4
201 172 215 245 233 171 181 127 240 4
201 171 215 246 233 171 181 127 240 4
200 171 215 245 234 171 181 127 240 4
200 171 215 246 233 171 181 127 241 4
200 171 215 246 233 171 181 127 241 4
200 171 216 246 233 171 181 127 240 4
200 171 215 245 233 171 181 127 240 4
200 171 215 245 234 171 180 127 240 4
200 171 215 246 233 171 181 127 241 4
200 171 215 245 233 171 180 127 241 4
201 172 216 245 233 171 181 127 241 4
201 171 215 246 234 171 181 128 240 4
200 171 216 245 234 171 180 127 241 4
201 171 215 246 234 172 181 127 241 4
201 171 216 245 233 171 180 128 240 4
201 171 215 245 234 172 181 127 240 4
201 171 216 245 233 171 181 127 240 4
201 171 216 246 233 171 181 127 240 4
201 171 216 245 233 171 181 127 240 4
201 171 215 245 233 172 180 127 241 4
201 172 215 245 234 172 181 127 240 4
201 172 215 245 234 172 180 127 241 4
201 172 215 245 233 171 180 126 240 4
201 171 215 245 234 171 181 128 240 4
201 171 216 245 234 171 181 127 240 4
201 172 215 245 234 171 180 127 240 4
201 171 216 245 233 171 181 127 240 4
201 171 216 245 234 171 180 127 240 4
201 171 216 246 233 171 180 127 241 4
201 171 216 245 233 171 180 127 241 4
201 170 216 245 234 171 181 127 240 4
201 170 216 245 234 171 181 127 240 4
202 171 216 245 234 171 180 127 240 4
201 170 216 245 234 171 181 127 240 4
202 171 216 245 233 171 181 127 241 4
202 171 215 245 233 171 180 127 241 4
202 170 216 245 233 170 181 127 241 4
202 171 216 245 233 171 180 126 241 4
202 170 216 245 233 171 181 127 240 4
202 170 216 245 234 171 181 127 240 4
201 171 216 245 234 171 181 127 240 4
202 171 216 245 234 171 181 127 240 4
202 171 216 245 233 171 181 127 240 4
202 171 216 245 234 171 181 127 241 4
202 171 216 245 233 171 181 127 241 4
202 170 216 245 234 170 180 127 241 4
202 171 216 245 233 172 181 127 240 4
202 171 216 245 233 171 180 127 241 4
202 171 215 245 233 171 181 127 241 4
202 171 216 245 234 171 181 127 240 4
182 107 176 197 133 207 181 93 220 5
182 107 177 198 133 208 181 93 220 5
182 107 177 197 133 208 181 93 220 5
183 108 177 198 133 207 181 93 220 5
183 108 177 197 133 207 181 93 220 5
182 107 177 197 134 208 181 93 220 5
183 108 177 197 133 208 181 93 220 5
183 107 177 198 134 208 182 93 220 5
182 107 177 197 134 208 181 93 220 5
182 107 178 198 134 208 181 93 220 5
183 108 178 198 134 207 181 94 220 5
184 107 177 198 133 208 181 93 221 5
184 107 178 198 134 208 181 93 220 5
183 107 177 199 133 208 182 94 221 5
183 107 178 198 134 207 182 93 221 5
183 107 178 198 134 208 181 94 220 5
184 107 178 198 134 208 182 93 220 5
183 107 178 198 134 208 182 94 220 5
183 108 178 198 134 207 182 94 220 5
184 108 178 198 134 207 182 93 220 5
183 107 178 198 134 208 182 94 221 5
184 107 178 198 134 208 182 94 221 5
183 108 178 198 135 208 182 95 220 5
184 107 179 198 135 208 182 94 220 5
185 108 178 198 135 208 181 94 220 5
184 108 178 198 134 208 181 94 221 5
184 107 178 198 135 208 181 95 221 5
184 108 178 198 136 208 181 94 221 5
184 107 179 199 134 208 182 95 221 5
184 108 179 198 135 208 182 95 221 5
185 108 179 199 136 208 181 95 221 5
185 108 179 199 136 208 182 95 221 5
185 108 179 198 136 208 182 95 221 5
185 108 179 199 135 208 181 94 221 5
185 107 180 198 135 208 182 94 221 5
185 108 180 199 135 208 182 94 221 5
185 107 180 198 135 208 182 95 221 5
185 107 179 199 135 208 182 94 221 5
184 108 179 199 137 208 182 95 221 5
185 108 180 199 136 208 182 95 221 5
185 108 179 199 136 208 182 95 221 5
185 108 180 199 135 208 182 95 221 5
184 108 179 199 136 208 182 95 221 5
185 107 179 199 136 208 181 95 221 5
185 108 179 199 136 208 182 96 221 5
185 108 179 199 136 208 182 96 221 5
185 107 180 200 137 208 181 96 221 5
185 108 180 199 136 208 182 95 221 5
185 108 179 199 136 208 182 96 222 5
185 108 180 199 136 208 182 96 221 5
185 108 180 199 136 208 181 95 221 5
185 108 179 199 136 208 182 95 221 5
185 108 179 200 136 208 182 96 221 5
185 108 180 200 137 208 182 95 222 5
185 109 181 199 136 208 182 95 222 5
185 108 179 200 136 208 182 96 221 5
185 109 180 199 136 208 182 96 221 5
186 108 179 200 137 208 182 96 221 5
185 108 180 200 137 208 182 96 221 5
186 108 180 199 136 208 182 96 221 5
186 108 180 200 137 208 182 96 222 5
185 109 180 200 137 208 182 96 221 5
186 109 180 200 137 208 182 96 222 5
185 108 181 200 137 208 182 96 222 5
185 109 180 200 137 208 182 96 221 5
186 108 180 200 137 208 182 96 221 5
186 107 180 200 137 208 182 96 221 5
186 108 181 200 137 208 182 96 221 5
186 108 180 200 136 208 183 97 222 5
186 109 181 200 137 208 182 96 221 5
186 108 181 200 137 208 182 96 222 5
187 108 181 200 137 208 182 97 221 5
187 109 181 199 137 208 182 96 221 5
186 108 180 200 137 208 182 96 221 5
187 108 181 200 137 208 182 97 221 5
187 108 180 200 137 208 182 96 222 5
186 109 181 201 138 208 182 96 221 5
187 110 181 200 138 208 182 97 221 5
187 109 181 200 138 208 182 96 222 5
187 108 181 200 138 208 182 96 221 5
186 108 181 200 138 208 182 96 222 5
187 109 181 200 137 208 182 96 221 5
187 109 181 200 138 208 182 96 222 5
186 109 181 200 138 208 182 97 222 5
187 108 181 200 137 208 182 96 222 5
187 109 181 200 138 208 182 97 222 5
187 108 181 200 137 208 181 97 222 5
187 109 181 200 138 208 182 97 222 5
187 109 181 200 138 208 182 97 222 5
187 109 181 200 138 208 182 97 222 5
188 109 181 200 138 208 182 97 222 5
187 109 181 200 139 208 182 97 221 5
188 109 181 200 139 208 182 97 222 5
188 109 181 200 138 208 182 97 222 5
187 109 181 200 138 208 182 97 222 5
187 109 181 200 138 208 182 97 222 5
187 109 181 200 138 208 182 97 222 5
274 113 288 235 174 208 186 164 248 6
274 113 288 234 175 208 186 163 249 6
274 112 288 235 176 207 187 165 248 6
274 112 287 235 175 207 187 165 249 6
274 113 288 234 175 207 186 163 248 6
275 114 289 235 175 208 186 164 249 6
274 114 289 234 174 208 187 164 249 6
274 114 289 235 171 208 187 163 249 6
275 114 290 234 171 208 187 163 249 6
274 114 290 234 171 208 187 163 249 6
275 115 290 234 171 208 187 163 249 6
275 115 290 234 171 208 187 163 249 6
275 115 290 234 171 208 187 162 248 6
274 115 291 234 172 208 187 163 248 6
275 114 290 234 170 208 187 162 249 6
274 115 290 234 172 208 187 162 249 6
274 115 290 234 171 208 187 162 248 6
274 115 290 234 172 208 187 162 248 6
275 115 288 234 172 208 187 162 249 6
275 116 290 234 171 209 188 162 249 6
275 115 292 233 171 209 187 162 249 6
275 115 292 234 173 208 187 162 249 6
275 115 292 233 174 208 187 162 249 6
275 115 292 233 174 208 187 163 249 6
275 115 292 233 173 209 187 162 249 6
275 115 292 234 174 209 187 162 249 6
275 115 292 234 174 208 187 162 249 6
275 116 292 233 173 208 188 162 249 6
275 115 292 233 172 208 187 162 249 6
275 115 291 233 171 208 188 162 249 6
274 114 291 236 164 208 187 162 249 6
275 114 290 240 160 208 187 162 249 6
275 115 290 239 158 208 187 161 249 6
275 116 290 238 160 208 186 162 249 6
275 115 290 238 159 208 187 162 249 6
274 116 290 237 160 207 186 161 249 6
275 115 290 238 160 208 187 161 249 6
274 115 290 237 161 207 187 161 249 6
274 116 290 237 161 207 186 161 249 6
274 116 289 237 161 207 186 161 249 6
274 115 289 237 162 207 186 160 249 6
274 115 289 238 162 207 187 161 249 6
274 115 289 237 162 207 186 161 248 6
274 116 289 237 162 207 186 160 249 6
274 116 289 237 162 207 186 160 249 6
274 116 289 237 163 207 186 160 249 6
274 116 289 237 163 207 186 160 249 6
274 116 289 236 163 207 186 161 249 6
273 116 288 237 163 206 186 160 249 6
274 116 289 237 163 207 186 160 249 6
274 116 289 237 163 206 185 160 249 6
274 116 289 237 163 207 185 160 249 6
274 115 289 237 163 207 185 160 249 6
273 116 289 236 164 207 185 160 249 6
274 116 289 237 164 206 185 160 249 6
274 116 289 237 164 206 185 160 249 6
273 115 288 237 163 206 185 160 249 6
274 115 288 237 163 207 185 160 249 6
273 115 288 237 164 206 185 160 249 6
274 116 288 236 164 206 185 160 249 6
273 116 289 237 164 206 185 160 249 6
274 116 288 236 164 207 185 159 249 6
273 116 288 236 164 206 185 160 249 6
273 116 288 237 165 206 185 160 249 6
274 115 288 236 165 206 185 160 249 6
274 116 289 237 165 207 185 160 249 6
274 116 288 236 165 206 185 160 249 6
274 115 288 236 165 206 185 160 249 6
273 116 288 236 165 206 185 160 249 6
273 116 288 236 165 207 185 160 249 6
273 116 288 236 165 206 184 160 249 6
273 116 288 236 165 207 184 160 249 6
274 116 288 236 165 206 185 159 248 6
274 116 288 236 166 207 185 160 249 6
274 116 288 236 165 206 185 160 249 6
274 116 288 236 165 206 184 159 249 6
273 116 288 236 165 206 185 160 248 6
273 116 288 236 166 206 185 160 249 6
273 115 288 235 166 206 184 159 249 6
273 116 289 236 166 206 184 159 249 6
273 115 289 235 166 206 184 159 249 6
273 116 288 235 166 207 184 160 249 6
273 115 288 235 166 206 185 159 248 6
273 115 288 235 166 206 184 159 249 6
274 116 288 236 166 206 184 159 248 6
273 116 288 235 166 206 184 160 249 6
273 116 288 236 166 206 184 160 249 6
273 116 288 236 166 206 184 159 248 6
273 116 288 236 167 206 184 159 249 6
272 116 288 236 168 206 184 159 249 6
272 116 288 235 168 206 184 159 249 6
272 116 288 235 168 206 183 159 249 6
271 115 288 236 167 206 184 159 249 6
271 115 289 236 168 206 184 159 249 6
272 115 288 236 167 207 184 158 249 6
272 116 288 236 168 206 184 159 249 6
271 116 288 236 168 206 184 159 249 6
272 116 288 236 168 206 184 158 249 6
271 115 288 236 169 206 184 159 249 6
272 116 288 235 169 206 184 159 249 6
271 115 289 236 169 206 184 159 249 6
271 116 288 236 169 206 184 158 249 6
270 115 289 236 169 206 184 158 248 6
271 116 288 235 169 206 184 158 249 6
271 115 288 236 169 206 183 158 249 6
271 116 289 235 169 205 183 158 249 6
270 115 289 236 169 206 183 158 249 6
271 116 288 235 169 206 184 159 249 6
200 165 180 249 235 166 174 110 204 7
200 165 181 249 235 165 175 111 204 7
200 166 182 249 235 165 175 110 204 7
200 165 180 249 235 166 174 110 204 7
200 165 181 249 235 165 175 111 204 7
201 166 178 249 234 166 175 111 205 7
200 165 177 249 233 166 175 111 204 7
200 165 177 249 234 166 175 111 204 7
200 165 178 249 234 166 175 112 204 7
201 166 178 249 234 165 175 112 204 7
201 165 178 249 234 166 174 112 205 7
201 165 178 249 233 165 174 112 205 7
200 166 179 249 233 166 175 112 205 7
201 166 178 249 233 166 175 113 204 7
201 165 179 249 233 165 175 113 205 7
201 166 178 250 233 166 175 113 205 7
201 166 179 249 234 166 175 113 205 7
201 165 179 250 233 165 175 114 205 7
201 165 178 249 233 166 174 113 205 7
201 165 179 249 233 165 175 114 204 7
201 165 178 249 234 165 175 114 204 7
201 165 178 249 233 166 175 115 204 7
200 165 178 249 233 165 175 115 205 7
201 165 178 249 233 166 175 115 205 7
201 165 179 249 233 165 175 114 205 7
201 165 180 249 233 165 175 114 205 7
200 165 179 249 232 165 175 115 205 7
200 165 180 249 233 165 175 116 205 7
201 165 180 249 233 165 175 116 205 7
201 165 180 249 232 165 175 116 205 7
201 165 180 249 233 165 175 116 205 7
200 165 179 249 232 165 175 117 205 7
201 166 180 249 233 164 175 116 205 7
201 165 180 249 232 165 175 116 205 7
201 165 179 249 233 165 176 117 205 7
201 165 180 249 233 165 176 116 205 7
201 164 180 249 233 165 175 117 205 7
201 165 180 249 233 165 175 116 205 7
201 165 180 249 233 165 175 116 205 7
201 164 180 249 232 164 175 117 205 7
202 164 180 249 232 164 175 117 205 7
201 163 180 249 231 164 175 117 205 7
201 165 180 249 231 165 175 117 205 7
200 164 180 249 231 164 176 117 205 7
201 164 180 249 232 164 175 116 205 7
201 165 180 249 231 165 175 117 205 7
202 165 181 249 232 164 175 117 205 7
201 165 181 249 232 165 175 117 205 7
201 164 180 249 232 165 175 117 205 7
201 165 180 249 231 164 175 117 205 7
201 164 180 249 231 165 175 117 205 7
200 165 180 249 231 164 175 118 205 7
201 164 180 249 231 164 175 117 205 7
201 165 180 248 231 165 175 117 205 7
203 165 180 249 231 165 176 118 205 7
209 165 184 248 231 164 175 121 205 7
210 165 185 248 232 165 174 123 205 7
210 165 185 249 231 165 174 122 206 7
210 165 184 248 231 164 174 122 206 7
210 165 185 248 231 165 175 122 206 7
210 164 185 248 231 165 175 123 206 7
210 165 186 248 231 165 174 122 206 7
210 165 185 248 230 165 175 123 206 7
210 165 185 249 231 165 175 122 206 7
209 165 185 249 232 165 174 122 206 7
210 165 185 248 231 165 175 122 206 7
210 165 185 248 231 165 174 122 206 7
210 165 185 249 231 165 175 122 206 7
210 165 185 248 231 165 174 122 206 7
210 165 185 248 231 165 175 122 206 7
210 165 185 248 231 165 175 123 206 7
209 165 185 248 231 165 174 122 207 7
209 165 185 249 231 164 175 123 206 7
209 165 185 249 231 165 174 122 206 7
209 165 185 249 231 165 175 122 206 7
209 165 185 248 231 165 175 122 206 7
209 165 185 248 231 165 175 122 206 7
208 165 185 248 231 165 175 123 206 7
209 165 185 248 231 165 174 123 206 7
209 164 185 248 231 165 175 123 206 7
209 165 185 248 231 166 175 123 206 7
209 165 185 249 231 165 174 123 207 7
209 165 185 248 231 165 175 123 206 7
209 165 186 249 231 165 175 124 206 7
209 165 186 248 231 166 175 124 206 7
209 165 186 248 232 165 175 123 206 7
209 165 186 248 231 165 174 123 207 7
210 165 186 248 231 165 175 124 206 7
213 1213 129 298 237 243 205 181 117 206 8
213 129 298 237 244 205 181 117 207 8
213 129 298 237 244 205 181 117 206 8
213 12ù3 129 298 237 243 205 181 117 206 8
213 130 298 237 244 205 180 117 206 8
219 127 294 239 236 206 178 134 210 8
220 128 294 240 236 206 178 134 211 8
220 129 295 239 235 206 179 134 210 8
219 127 294 239 236 206 178 134 210 8
220 128 294 239 235 207 179 134 210 8
220 128 294 239 235 206 179 134 210 8
194 132 294 239 235 205 179 94 203 8
191 135 296 239 237 204 179 86 197 8
193 137 301 239 242 205 180 92 199 8
197 134 301 239 242 205 181 94 200 8
198 135 301 239 242 205 181 95 200 8
198 137 301 239 242 205 181 95 200 8
199 138 301 239 243 205 181 96 200 8
199 137 301 239 242 205 181 97 200 8
200 137 301 239 242 205 181 98 201 8
200 138 301 239 242 205 182 98 201 8
200 137 301 239 243 205 181 99 201 8
201 138 301 239 243 205 181 99 201 8
201 138 301 239 242 205 182 100 201 8
202 138 300 239 242 205 182 100 201 8
202 137 301 239 243 205 181 100 201 8
202 136 301 239 243 205 181 101 201 8
203 136 300 239 243 205 181 101 202 8
203 136 301 239 243 205 181 102 202 8
203 136 300 239 243 204 181 102 202 8
204 136 300 240 242 205 181 103 201 8
204 136 300 240 242 205 182 103 201 8
204 137 300 239 243 205 181 103 202 8
204 136 300 239 242 205 181 104 202 8
204 136 300 239 243 205 181 104 202 8
204 136 300 239 242 205 181 104 202 8
204 137 299 239 243 205 181 104 202 8
205 136 300 239 243 206 181 104 202 8
204 136 300 240 242 205 181 105 202 8
205 136 299 239 242 205 181 105 202 8
205 137 300 240 243 205 181 104 202 8
205 136 300 239 242 205 181 105 203 8
205 136 299 239 243 205 181 104 203 8
205 136 300 239 242 205 180 105 202 8
205 136 300 239 242 205 181 105 203 8
205 136 299 239 242 205 180 104 203 8
205 135 300 239 241 205 181 105 203 8
205 136 300 239 243 205 181 105 203 8
204 135 299 239 242 205 181 105 203 8
205 135 299 239 242 205 181 105 202 8
205 135 299 240 242 205 181 104 203 8
205 134 299 239 242 205 181 105 203 8
205 133 299 240 242 205 181 106 203 8
205 133 299 239 241 205 181 105 203 8
205 133 299 240 242 205 181 106 203 8
205 132 299 240 242 205 181 107 203 8
205 132 299 239 242 205 181 107 203 8
205 132 299 239 242 205 181 106 203 8
206 132 299 240 242 205 181 106 203 8
206 133 299 240 242 205 181 106 203 8
205 133 299 240 242 206 181 106 204 8
206 132 299 239 242 205 181 106 203 8
205 130 299 239 242 205 181 107 203 8
206 131 299 239 241 205 181 106 203 8
206 132 299 240 242 205 181 106 203 8
206 132 299 239 242 205 181 106 203 8
206 132 299 239 241 205 181 106 204 8
206 132 299 239 242 205 181 106 203 8
206 132 299 240 241 205 181 107 203 8
206 133 299 239 242 205 181 107 203 8
207 132 299 239 242 205 181 107 204 8
207 132 299 239 241 205 180 107 204 8
206 132 299 239 242 205 181 107 203 8
206 132 299 240 242 205 181 106 203 8
206 132 299 239 242 205 181 107 203 8
206 133 299 239 242 206 181 106 204 8
206 132 299 239 242 205 180 107 204 8
206 132 299 239 241 205 181 107 203 8
206 132 299 240 242 205 181 107 203 8
206 133 299 239 241 205 181 106 203 8
207 132 299 239 241 205 181 107 204 8
206 131 299 239 242 205 181 107 204 8
206 132 299 239 241 205 181 108 203 8
207 132 299 239 241 205 181 107 204 8
207 132 299 239 242 205 181 107 204 8
207 132 299 239 241 205 181 108 204 8
207 132 298 240 242 205 181 108 204 8
207 133 299 239 242 205 181 108 204 8
207 133 299 239 242 205 181 108 204 8
207 132 299 240 241 205 181 107 204 8
207 132 299 239 241 205 181 108 204 8
207 132 299 240 241 205 181 107 204 8
207 131 299 239 242 205 181 107 204 8
207 131 299 239 242 205 181 109 204 8
207 131 299 240 242 205 181 108 204 8
207 130 299 239 241 205 182 108 204 8
207 130 299 240 241 205 181 108 204 8
207 131 299 240 241 205 182 108 204 8
207 130 299 240 241 205 181 108 204 8
207 130 299 239 241 205 181 108 204 8
207 131 299 239 242 205 181 108 204 8
207 132 300 240 242 206 182 108 204 8
207 133 300 240 242 205 182 109 204 8
207 133 300 239 242 205 182 108 204 8
208 133 300 238 241 205 182 108 204 8
207 133 300 239 242 205 182 109 204 8
207 133 300 240 242 205 182 108 204 8
208 133 300 239 242 206 183 108 204 8
207 133 299 240 242 205 182 108 204 8
207 133 299 240 242 206 182 109 204 8
208 132 300 239 242 205 182 109 205 8
207 133 299 239 242 205 182 108 205 8
208 133 300 239 242 205 182 108 204 8
207 132 299 239 242 206 182 109 204 8
208 132 300 240 242 205 182 109 204 8
208 132 299 239 242 205 182 110 204 8
208 131 300 239 241 205 182 108 205 8
207 131 300 239 242 205 182 108 204 8
208 132 300 239 242 206 182 108 205 8
208 132 300 240 241 205 182 109 205 8
207 132 299 239 242 205 182 109 204 8
207 132 299 240 242 206 182 108 204 8
208 131 299 239 242 205 182 109 204 8
208 131 299 240 242 205 182 108 204 8
208 131 299 239 242 205 182 109 205 8
208 131 299 239 242 206 182 109 205 8
208 131 299 240 242 205 182 108 205 8
208 131 300 239 242 205 182 108 205 8
208 130 300 239 242 206 182 108 205 8
208 130 300 239 242 206 182 109 205 8
223 106 184 222 145 206 177 161 245 9
223 105 185 222 146 206 177 161 245 9
223 106 184 221 145 207 177 161 245 9
223 106 185 221 146 206 178 161 245 9
222 106 185 221 145 206 178 161 245 9
223 106 185 222 145 206 177 161 245 9
223 106 185 221 146 206 177 161 245 9
222 106 184 221 145 206 178 162 245 9
223 106 185 222 145 207 177 161 245 9
223 106 185 222 145 206 177 162 245 9
223 106 185 222 145 206 178 162 245 9
223 106 184 221 146 206 177 162 245 9
223 106 185 222 145 206 178 162 245 9
223 105 185 222 145 206 177 161 245 9
223 106 185 221 146 206 177 161 245 9
223 106 185 221 145 206 177 161 245 9
223 105 185 222 145 206 177 161 245 9
223 106 185 221 146 206 178 162 245 9
223 105 184 222 146 206 177 161 245 9
223 106 185 221 145 206 177 161 245 9
223 105 185 222 146 207 177 161 245 9
223 106 184 221 146 205 177 161 245 9
223 105 184 222 146 206 177 161 245 9
223 105 184 222 146 206 178 161 245 9
223 106 185 222 145 206 177 161 245 9
222 106 184 222 146 206 178 161 245 9
223 105 185 221 146 206 177 161 245 9
223 106 185 222 146 206 177 161 246 9
224 106 185 222 146 206 177 161 245 9
223 106 184 222 145 206 178 161 245 9
223 106 185 221 145 206 177 161 245 9
223 106 185 222 146 206 177 161 245 9
223 105 185 222 145 206 177 161 245 9
224 106 184 221 146 206 177 161 245 9
223 106 185 222 146 206 177 161 245 9
223 106 185 222 146 206 177 161 245 9
223 105 185 221 146 206 178 161 245 9
223 106 185 221 146 206 177 161 245 9
223 106 185 222 145 206 177 161 245 9
223 106 185 222 146 206 178 161 245 9
223 106 185 222 145 206 177 161 245 9
223 106 185 221 146 206 177 161 245 9
223 106 185 222 146 206 178 161 245 9
223 106 185 221 146 206 177 161 245 9
224 106 185 221 145 206 178 161 245 9
223 105 185 221 146 206 177 161 245 9
223 105 185 222 146 206 177 160 245 9
223 105 185 222 146 206 177 161 245 9
223 105 186 221 146 206 177 161 245 9
223 105 185 222 146 206 177 161 245 9
223 106 185 222 146 206 177 160 245 9
223 106 185 221 146 206 177 160 244 9
223 105 185 222 146 207 177 160 244 9
223 106 185 222 146 206 177 161 245 9
223 105 185 222 146 206 177 161 245 9
223 105 186 222 147 206 178 160 244 9
224 105 185 222 146 206 178 160 244 9
223 106 185 222 146 206 177 160 244 9
224 106 185 222 146 206 177 160 244 9
223 106 186 222 147 206 178 160 244 9
224 106 185 222 146 206 178 160 244 9
223 105 186 222 146 206 177 160 244 9
223 105 185 222 146 206 177 160 244 9
224 105 185 222 146 206 177 161 244 9
223 105 186 222 146 206 178 160 244 9
223 105 186 221 147 206 177 160 244 9
223 106 186 221 147 206 177 160 244 9
223 105 186 222 147 206 177 160 244 9
223 105 186 222 146 206 178 160 244 9
223 106 186 222 147 206 177 159 244 9
223 105 185 222 146 206 178 160 244 9
223 106 186 222 147 207 177 159 244 9
224 106 186 222 148 206 177 159 244 9
223 106 186 222 147 206 178 159 244 9
223 106 186 221 147 206 177 157 244 9
224 106 186 222 148 205 177 156 243 9
224 106 185 222 147 206 178 155 243 9
224 106 186 222 147 206 177 155 243 9
224 106 186 222 148 206 177 155 243 9
224 106 186 222 147 206 177 155 243 9
224 106 186 222 147 206 177 159 244 9
224 105 186 222 147 206 177 158 244 9
223 105 186 221 147 206 178 158 244 9
223 105 186 222 148 206 177 159 244 9
224 106 186 222 147 207 177 159 245 9
223 106 186 221 147 206 178 165 246 9
224 106 186 222 147 206 177 165 246 9
223 106 186 222 148 206 177 165 247 9
224 106 187 221 148 206 177 165 246 9
224 105 187 221 147 206 177 165 246 9
224 106 187 222 148 206 178 165 246 9
224 106 187 221 148 206 177 165 246 9
224 105 187 221 147 206 177 164 246 9
223 106 187 221 147 207 177 164 246 9
224 106 187 222 148 206 177 164 246 9
223 106 187 222 147 207 177 164 246 9
204 127 292 238 246 203 173 91 191 10
203 127 293 238 246 203 174 91 191 10
202 127 292 238 246 203 174 90 191 10
204 127 292 238 246 203 173 91 191 10
202 128 292 237 246 203 174 91 191 10
202 128 293 237 247 204 173 90 190 10
201 128 292 237 246 203 174 91 190 10
202 130 292 237 247 204 173 91 191 10
202 131 292 237 247 204 173 90 191 10
202 131 293 237 247 203 173 91 191 10
203 132 292 237 247 203 173 91 191 10
202 131 293 237 247 203 173 91 191 10
202 131 292 237 247 203 173 91 191 10
202 131 293 237 247 203 173 91 191 10
202 131 293 237 247 204 173 91 191 10
202 130 292 237 247 203 173 91 191 10
202 130 293 237 247 203 173 92 191 10
202 129 293 238 247 203 173 91 191 10
202 130 293 237 247 203 173 91 192 10
202 129 292 237 247 203 173 91 191 10
203 128 293 237 246 203 173 91 191 10
202 130 293 237 247 203 173 91 191 10
202 131 293 238 247 203 173 91 191 10
202 131 293 237 246 203 173 91 191 10
202 131 293 237 247 203 173 91 191 10
202 131 293 237 247 203 173 91 191 10
202 132 293 237 247 203 173 91 192 10
202 132 293 237 246 203 173 91 191 10
202 132 293 237 247 203 173 91 191 10
202 133 293 237 247 203 173 91 191 10
202 133 293 237 247 203 173 91 191 10
203 132 293 238 247 203 173 91 192 10
203 132 293 237 247 203 173 91 191 10
203 132 293 238 247 203 174 92 191 10
202 133 293 237 247 203 173 92 191 10
203 132 293 237 247 203 173 92 191 10
202 132 293 237 247 203 173 92 191 10
202 131 293 237 247 203 173 92 192 10
203 131 293 237 247 203 173 92 191 10
203 131 293 237 247 204 173 92 192 10
203 130 293 237 246 203 174 92 191 10
202 131 293 238 247 203 173 92 191 10
203 130 293 238 247 204 173 91 192 10
203 130 293 237 246 203 174 92 191 10
202 130 293 237 246 203 173 92 191 10
203 130 293 237 247 203 174 93 191 10
203 130 293 237 246 203 173 93 191 10
202 130 293 237 247 203 173 93 191 10
203 129 293 237 246 204 173 92 191 10
203 131 294 237 247 203 173 93 192 10
203 131 293 237 246 203 174 93 192 10
203 132 293 238 247 203 174 93 192 10
203 131 293 237 246 203 174 93 192 10
203 131 293 237 246 203 174 93 192 10
203 131 293 237 246 203 174 93 192 10
203 129 293 237 246 203 174 94 192 10
202 128 293 237 247 203 175 94 191 10
203 128 293 237 247 203 174 94 191 10
203 128 293 237 247 203 175 94 192 10
203 127 293 237 246 203 174 93 192 10
203 126 293 237 246 203 175 94 192 10
203 126 293 237 246 203 174 94 192 10
204 125 293 237 246 203 174 94 192 10
203 125 293 237 246 203 174 94 192 10
204 125 293 238 246 203 175 94 192 10
204 124 293 237 245 203 175 94 192 10
205 126 293 237 246 203 174 93 192 10
203 125 293 237 246 204 174 94 192 10
203 125 292 237 246 204 174 94 192 10
203 126 293 237 246 203 175 94 192 10
204 125 293 237 246 203 174 93 192 10
204 124 293 237 245 203 175 94 192 10
203 124 293 237 246 203 174 94 193 10
203 125 293 237 246 203 174 94 192 10
204 124 293 237 246 204 175 94 192 10
203 124 293 237 246 203 175 94 193 10
203 124 293 237 245 203 174 95 192 10
205 124 293 237 246 203 175 95 192 10
203 124 293 237 245 203 174 95 192 10
204 124 293 237 245 203 174 95 193 10
204 124 293 237 245 204 175 95 192 10
204 123 293 237 245 204 174 96 192 10
203 123 293 237 246 203 174 95 193 10
204 124 293 237 245 203 174 96 192 10
204 124 293 237 246 203 174 95 192 10
231 145 161 236 239 204 173 90 190 11
231 144 161 236 239 203 173 90 190 11
231 145 161 236 240 204 173 90 190 11
231 145 161 236 239 204 173 90 190 11
231 144 161 236 239 203 173 90 190 11
231 145 161 236 240 204 173 90 190 11
231 145 161 236 239 204 173 90 190 11
231 144 161 236 239 203 173 90 190 11
231 145 161 236 240 204 173 90 191 11
231 145 161 237 239 204 173 91 190 11
231 144 160 237 242 204 172 91 190 11
231 144 160 239 242 204 173 92 190 11
231 144 161 239 243 204 173 92 190 11
231 144 161 238 242 204 173 92 190 11
231 143 160 239 243 204 173 93 190 11
231 143 161 239 242 203 173 92 190 11
230 144 161 239 242 204 172 92 191 11
230 143 160 239 243 203 173 93 190 11
231 144 161 239 242 204 173 92 190 11
231 143 161 239 242 204 173 92 190 11
230 143 161 238 242 204 173 94 190 11
230 144 161 239 243 204 172 94 190 11
230 143 161 239 242 204 173 94 190 11
230 142 161 239 243 203 173 95 190 11
229 144 160 239 244 203 173 96 190 11
230 147 161 239 244 204 172 96 190 11
230 149 160 239 244 204 172 95 190 11
230 149 161 239 245 204 173 95 190 11
230 148 161 239 245 204 172 95 190 11
230 148 161 239 244 204 172 95 190 11
230 148 161 240 244 204 172 96 190 11
231 149 161 239 244 204 173 96 190 11
230 148 161 239 244 204 172 97 191 11
230 148 161 240 244 204 173 97 190 11
230 148 162 239 244 203 173 97 190 11
230 148 162 239 245 203 173 97 191 11
230 148 162 240 244 204 172 97 190 11
230 146 162 239 245 204 172 97 191 11
230 146 162 239 244 204 173 98 190 11
230 147 161 239 244 204 173 97 191 11
230 147 162 239 244 204 172 98 191 11
230 147 162 240 243 204 173 98 191 11
230 146 162 240 243 203 172 98 191 11
230 146 162 240 242 204 173 98 191 11
231 147 163 239 243 204 173 97 191 11
230 146 163 239 242 204 173 98 191 11
230 145 162 239 242 204 173 97 191 11
230 145 163 239 241 204 173 98 191 11
230 145 162 240 242 203 173 97 191 11
231 144 162 239 242 204 173 97 191 11
230 145 163 239 241 204 173 97 191 11
230 145 163 239 241 203 173 98 191 11
230 145 163 239 241 204 173 98 191 11
231 145 162 239 241 204 173 97 191 11
231 145 163 239 241 204 173 98 191 11
230 145 163 239 241 204 173 98 191 11
230 145 163 239 241 204 172 98 191 11
230 144 163 239 241 204 173 98 191 11
231 144 162 239 241 204 173 99 191 11
231 146 162 239 241 203 172 99 192 11
231 145 163 239 241 204 173 100 192 11
231 145 163 239 241 203 173 101 192 11
231 145 163 240 241 204 173 100 192 11
231 146 163 239 241 204 173 100 192 11
230 146 163 239 241 204 173 100 192 11
231 145 163 240 241 204 173 101 192 11
231 146 163 239 240 204 173 101 192 11
231 145 163 239 240 204 173 100 192 11
230 145 164 239 240 203 173 99 192 11
230 145 163 240 241 204 173 99 192 11
230 145 164 240 240 203 174 99 192 11
230 145 164 240 240 203 173 99 192 11
230 144 165 239 240 204 173 99 192 11
230 144 164 239 239 204 173 98 192 11
230 145 165 240 240 204 173 98 193 11
230 145 165 239 240 204 173 98 192 11
230 145 165 240 240 204 173 99 192 11
231 145 164 239 240 204 173 98 192 11
230 144 165 239 240 204 173 99 192 11
230 144 165 239 240 204 173 98 192 11
230 144 165 239 240 204 173 99 192 11
230 144 165 239 241 204 173 99 192 11
230 144 165 239 240 204 173 98 192 11
230 144 165 240 240 204 173 99 193 11
230 145 164 239 240 203 174 99 192 11
230 145 164 240 241 204 173 99 192 11
230 146 164 239 241 203 174 100 192 11
230 145 164 240 241 203 173 99 192 11
230 146 164 239 241 204 173 99 192 11
230 146 165 239 241 204 173 99 192 11
230 146 164 239 241 204 173 98 193 11
230 146 164 240 241 204 173 98 193 11
230 146 165 240 240 204 173 98 192 11
230 145 164 240 241 204 173 99 193 11
230 144 165 240 240 204 173 99 192 11
230 145 165 240 240 204 173 98 192 11
230 145 165 240 240 204 174 99 193 11
230 145 165 240 241 204 174 98 192 11
231 146 165 239 241 204 173 98 192 11
230 145 165 239 240 204 173 98 193 11
230 145 165 240 240 204 174 98 193 11
230 145 165 240 240 204 173 98 193 11
230 145 165 239 241 204 173 98 193 11
230 145 165 240 240 204 174 99 193 11
230 145 165 239 241 204 172 98 192 11
230 145 165 239 240 203 173 98 192 11
230 146 165 240 241 204 173 99 193 11
230 145 165 240 241 204 173 98 192 11
230 145 164 239 242 204 173 99 193 11
230 145 165 239 241 204 173 99 193 11
233 109 226 219 170 207 181 101 212 12
233 110 226 218 170 206 181 102 211 12
234 109 226 220 169 207 181 100 212 12
233 110 226 219 170 207 181 102 211 12
234 109 226 218 168 206 181 101 212 12
233 109 226 218 170 206 181 101 212 12
233 110 227 220 170 206 181 101 211 12
233 110 226 219 169 207 181 102 212 12
233 109 227 219 170 207 181 101 212 12
232 109 227 219 169 208 181 101 212 12
233 110 227 219 170 207 180 101 212 12
233 110 226 219 170 207 181 102 211 12
232 109 226 218 170 207 181 101 212 12
233 109 227 218 170 206 180 102 211 12
232 110 227 218 170 206 181 101 212 12
233 109 226 218 170 207 181 101 212 12
233 110 226 218 169 207 181 102 212 12
233 110 226 217 169 206 181 101 211 12
232 109 226 217 170 207 181 100 211 12
232 110 226 218 171 207 182 98 211 12
232 110 226 218 170 207 181 98 211 12
232 110 226 218 168 207 181 99 211 12
233 110 226 218 171 207 181 99 211 12
231 109 227 219 170 207 181 99 211 12
231 109 226 218 170 207 181 100 211 12
233 110 226 218 170 206 181 100 211 12
232 110 226 219 170 207 181 101 211 12
232 109 226 218 169 206 181 100 211 12
232 109 226 217 171 207 181 101 211 12
233 110 226 218 170 208 181 101 212 12
233 109 225 217 169 206 181 102 211 12
231 110 226 217 171 207 181 103 211 12
232 110 226 218 170 207 181 102 211 12
233 110 226 218 169 206 181 102 211 12
230 109 226 219 171 207 181 93 209 12
231 109 227 219 171 207 181 101 211 12
227 109 226 216 171 206 181 84 202 12
228 108 225 214 171 206 181 83 199 12
225 109 226 211 171 206 181 83 195 12
227 109 226 212 171 205 181 84 196 12
226 110 226 211 170 205 181 85 197 12
227 109 226 211 170 206 180 87 197 12
227 109 226 211 171 206 181 87 199 12
226 110 226 211 171 206 180 87 198 12
227 108 225 211 170 206 180 88 198 12
226 110 227 211 170 206 180 88 199 12
227 110 225 212 171 206 180 89 200 12
228 109 226 211 171 206 181 89 201 12
226 109 225 211 171 206 181 90 200 12
228 109 226 212 171 206 181 89 201 12
227 108 226 210 170 206 180 90 200 12
226 109 225 211 171 207 181 91 201 12
227 109 225 211 171 205 181 91 200 12
227 109 226 211 170 206 181 92 201 12
227 109 225 211 171 206 181 92 202 12
228 109 225 212 170 206 181 93 202 12
227 109 226 212 171 205 181 92 202 12
226 110 226 211 171 206 181 93 203 12
228 109 225 211 171 205 181 93 203 12
226 109 225 211 169 206 180 93 202 12
226 109 226 212 171 207 181 94 203 12
227 108 226 210 171 207 182 94 204 12
227 109 225 211 171 206 180 93 203 12
227 110 226 211 170 206 181 93 203 12
227 110 226 210 171 207 182 95 203 12
227 109 226 211 171 206 181 95 204 12
226 109 225 211 170 206 180 94 203 12
228 109 226 211 171 207 181 95 204 12
228 110 227 210 170 206 181 94 204 12
229 109 226 211 170 206 181 95 204 12
227 110 225 210 171 206 180 94 203 12
228 110 226 211 172 206 181 95 204 12
227 110 225 211 170 206 182 95 204 12
226 109 224 210 170 205 181 95 204 12
227 109 226 211 171 206 181 94 203 12
227 110 225 210 171 206 180 95 204 12
227 109 227 212 171 207 182 96 204 12
228 109 225 211 170 206 181 95 204 12
227 110 225 211 170 206 181 96 204 12
227 110 225 211 170 205 181 96 204 12
227 110 225 211 171 206 180 96 204 12
226 110 225 211 170 207 181 97 204 12
227 109 225 211 171 206 181 97 205 12
228 110 226 212 171 206 181 96 203 12
227 110 226 210 170 207 181 97 204 12
227 110 225 211 170 206 181 97 204 12
228 109 225 210 170 205 180 97 205 12
226 110 225 211 170 206 180 97 204 12
215 109 224 223 191 204 179 103 197 13
214 108 224 223 191 204 178 102 197 13
214 108 225 223 192 206 178 103 197 13
214 110 224 224 190 205 178 102 198 13
215 108 224 224 191 205 179 102 197 13
215 109 224 225 191 205 179 102 197 13
215 109 225 225 191 206 179 103 198 13
215 109 224 224 191 205 178 102 197 13
215 109 225 224 191 205 178 103 197 13
215 108 224 225 191 206 179 103 197 13
214 109 224 226 189 205 179 103 197 13
215 108 224 225 191 206 179 103 197 13
215 110 225 226 189 206 179 103 198 13
215 110 225 225 190 205 179 102 198 13
215 109 225 225 190 206 179 102 198 13
214 109 224 224 190 206 179 103 198 13
215 110 226 225 191 205 179 103 198 13
216 109 225 224 190 205 178 103 197 13
215 109 225 226 190 205 179 102 198 13
214 109 225 226 189 204 179 103 198 13
214 109 225 225 189 205 179 103 198 13
215 110 225 226 191 205 178 103 198 13
215 110 226 226 190 205 179 103 197 13
214 109 224 226 190 205 180 104 198 13
214 110 225 226 191 205 179 103 198 13
215 110 225 225 190 205 179 103 197 13
216 110 226 226 190 206 178 103 198 13
215 110 225 226 189 205 178 102 198 13
215 110 225 225 190 206 179 102 198 13
215 110 224 226 189 205 179 103 198 13
215 110 225 225 190 205 179 103 198 13
216 109 225 225 191 205 178 103 197 13
215 110 225 225 189 206 178 103 197 13
212 110 225 225 191 205 178 101 197 13
213 110 225 225 189 206 178 102 198 13
213 109 225 225 189 205 179 103 198 13
213 109 225 226 189 205 178 102 197 13
214 109 225 225 190 205 180 102 197 13
214 110 225 227 190 205 178 103 198 13
214 110 225 225 189 205 178 102 198 13
213 109 225 225 190 205 179 103 198 13
213 110 225 226 190 205 179 103 199 13
214 110 226 227 191 205 179 103 198 13
214 110 226 227 190 206 179 103 198 13
213 110 225 226 190 206 179 103 199 13
214 110 225 226 189 205 179 103 199 13
215 111 225 227 190 205 180 103 198 13
214 110 225 227 190 205 179 104 199 13
213 111 225 226 190 205 178 103 199 13
213 110 225 226 189 205 179 103 199 13
214 110 225 226 189 205 179 102 199 13
214 110 226 226 190 205 179 102 199 13
213 111 225 227 189 205 179 103 199 13
213 110 225 226 190 205 178 102 198 13
213 110 225 226 190 205 179 103 199 13
214 111 225 226 190 206 179 103 198 13
215 110 225 227 190 205 179 103 198 13
214 111 226 226 190 206 179 103 199 13
214 111 225 226 191 205 179 104 199 13
214 110 225 226 190 205 179 102 199 13
214 110 225 227 190 205 178 103 199 13
213 110 225 225 190 205 179 103 199 13
213 110 225 226 189 205 179 103 198 13
214 110 225 226 189 205 179 104 199 13
214 111 226 227 190 205 179 103 198 13
214 111 226 225 190 205 180 103 199 13
214 109 225 226 189 205 178 103 199 13
214 110 225 226 190 205 179 103 198 13
214 110 226 226 190 205 179 103 198 13
226 115 227 236 184 205 178 134 230 14
225 115 227 235 184 205 179 134 230 14
226 115 227 237 183 205 179 134 231 14
226 115 226 236 183 204 178 135 230 14
226 115 226 235 183 204 178 133 229 14
223 115 227 236 184 205 178 104 229 14
223 115 227 236 185 205 179 101 228 14
224 114 227 235 183 205 179 113 229 14
216 115 228 236 185 205 179 98 226 14
215 114 227 235 184 205 179 104 227 14
219 114 228 235 186 205 179 107 226 14
220 115 227 236 184 205 179 110 227 14
220 115 227 234 186 205 179 113 227 14
221 114 227 235 185 205 179 113 227 14
222 115 227 236 185 205 178 115 227 14
222 115 227 236 185 205 179 115 227 14
221 115 228 236 184 204 178 114 228 14
221 115 227 234 184 205 179 114 228 14
222 114 227 236 185 205 179 114 228 14
222 115 227 236 185 204 179 115 229 14
222 115 227 235 186 205 178 116 228 14
222 116 227 236 185 205 179 116 228 14
223 115 228 236 185 205 178 115 229 14
222 115 227 237 185 205 179 116 228 14
223 114 227 235 185 205 179 115 228 14
223 114 227 236 185 206 178 116 229 14
223 115 227 236 185 205 179 117 229 14
223 114 227 236 185 205 179 116 228 14
222 115 227 236 186 205 179 117 228 14
223 114 227 235 185 205 180 117 229 14
222 116 227 236 184 203 179 117 229 14
223 115 227 236 185 205 179 117 229 14
224 115 227 236 185 206 179 116 228 14
223 115 227 236 186 205 180 116 229 14
222 115 227 235 186 206 179 115 229 14
222 114 227 237 185 206 179 116 229 14
223 114 227 236 185 204 178 117 229 14
223 114 227 239 186 205 179 117 229 14
223 114 227 239 186 205 179 119 229 14
223 115 226 241 184 204 179 118 229 14
223 116 228 240 186 206 179 119 228 14
222 115 227 238 184 205 178 119 229 14
223 116 228 239 184 204 178 119 229 14
222 116 229 238 186 205 180 119 228 14
223 115 228 239 186 204 179 119 229 14
222 115 227 239 186 205 179 120 229 14
222 112 227 239 187 205 177 120 229 14
226 112 228 237 186 204 178 120 230 14
226 111 229 234 188 204 178 121 229 14
226 113 229 234 187 204 179 121 230 14
226 112 229 232 186 205 178 121 230 14
226 113 228 233 185 206 179 122 230 14
226 112 229 233 186 206 179 120 229 14
226 113 229 233 187 205 179 122 230 14
227 113 230 233 186 206 179 122 230 14
226 113 230 234 187 205 178 121 230 14
226 113 229 234 186 206 180 121 230 14
226 114 230 233 187 206 178 122 230 14
227 113 230 234 186 206 179 122 230 14
226 114 230 234 187 205 179 122 231 14
226 114 229 233 185 205 179 121 231 14
226 113 230 234 186 205 179 122 231 14
227 113 229 234 185 206 178 121 230 14
227 113 229 233 187 205 179 123 231 14
227 113 230 234 187 206 179 122 231 14
226 114 229 234 186 206 179 122 231 14
226 114 230 233 187 206 179 121 231 14
226 113 230 234 187 205 179 122 230 14
227 114 230 234 187 205 179 122 231 14
227 115 230 234 186 205 179 122 231 14
227 112 230 234 187 205 179 120 231 14
226 114 230 233 187 205 178 122 231 14
225 113 229 232 186 205 179 122 230 14
226 113 229 233 187 206 179 121 231 14
225 114 229 234 186 205 179 121 231 14
225 115 229 234 187 204 178 121 230 14
225 114 229 233 187 205 179 122 231 14
226 114 230 234 187 206 179 122 231 14
227 114 230 233 186 206 179 122 231 14
226 114 230 233 187 205 179 121 231 14
225 114 230 233 187 206 178 122 232 14
226 114 229 233 185 205 178 121 231 14
226 114 230 234 187 206 179 123 231 14
226 115 230 234 186 205 178 122 231 14
226 114 230 234 187 206 179 122 231 14
227 114 230 235 187 205 179 122 231 14
227 115 230 233 186 206 179 122 231 14
227 114 230 233 186 205 178 122 230 14
226 115 229 233 185 206 179 122 231 14
225 114 230 233 186 206 179 121 231 14
227 114 230 232 187 205 178 120 231 14
227 114 230 234 188 206 179 122 231 14
226 115 230 233 187 206 178 122 230 14
227 114 230 233 186 205 179 122 231 14
225 114 230 233 187 206 179 122 231 14
227 114 230 233 187 206 179 122 231 14
227 114 230 233 187 205 179 121 231 14
226 114 230 233 187 205 179 123 231 14
225 114 230 232 186 206 178 122 232 14
227 114 230 233 186 206 179 122 231 14
226 114 230 233 187 206 179 122 231 14
227 114 230 232 186 206 179 122 231 14
226 114 229 232 187 206 179 123 230 14
228 114 229 233 187 205 179 123 231 14
227 114 230 234 187 205 179 122 231 14
226 114 230 233 186 205 178 121 231 14
226 114 230 233 187 206 179 122 231 14
226 114 230 234 187 206 180 122 231 14
227 114 229 234 187 205 179 123 231 14
227 115 231 234 187 206 179 122 231 14
227 115 230 233 187 206 179 121 231 14
225 114 229 234 186 206 179 122 231 14
226 114 231 233 187 205 178 123 232 14
227 113 230 233 186 205 179 122 231 14
227 115 230 233 188 206 179 123 231 14
226 114 229 232 188 205 179 122 231 14
227 114 230 233 186 205 179 122 231 14
227 113 229 233 187 206 179 123 231 14
225 114 230 233 187 205 179 122 231 14
226 114 230 233 186 206 179 122 231 14
227 114 229 234 186 206 179 122 231 14
226 114 230 233 188 206 179 122 231 14
227 114 230 234 187 205 179 121 231 14
226 114 230 234 187 206 179 122 232 14
226 114 230 233 187 205 179 121 232 14
226 114 230 234 187 206 180 121 232 14
227 114 230 233 187 206 178 121 232 14
226 114 230 233 187 205 179 122 231 14
227 115 231 235 187 205 179 121 231 14
226 114 230 235 187 205 180 121 231 14
227 114 230 234 187 206 179 121 231 14
226 115 230 235 187 205 179 121 231 14
227 115 230 235 187 205 179 121 231 14
227 115 230 235 187 206 179 120 231 14
226 114 229 234 187 205 180 121 231 14
227 114 229 234 187 205 179 122 231 14
227 114 230 234 186 205 179 121 231 14
196 138 280 250 244 203 170 102 200 15
195 139 281 249 244 203 171 102 201 15
197 141 280 250 244 204 170 103 200 15
197 142 281 251 244 204 170 104 201 15
196 143 281 250 244 203 170 103 200 15
197 142 281 250 244 203 169 105 200 15
196 143 281 250 245 204 171 104 201 15
196 143 280 250 244 203 170 101 200 15
197 142 281 250 245 203 170 102 200 15
196 142 281 250 244 203 170 102 201 15
195 141 281 249 244 204 169 102 200 15
196 141 281 250 243 203 170 101 200 15
197 141 281 250 245 203 170 102 200 15
198 140 281 250 244 203 170 103 201 15
197 139 282 249 245 205 169 103 201 15
197 140 280 250 244 203 170 104 201 15
196 139 281 249 244 203 170 103 200 15
198 141 281 250 243 204 170 104 201 15
197 140 282 250 244 202 170 105 200 15
199 141 282 250 244 204 170 104 201 15
197 140 281 249 243 203 171 106 201 15
197 140 281 249 243 204 171 107 201 15
197 140 280 248 244 203 170 107 200 15
197 138 280 249 244 203 170 107 201 15
198 136 280 249 244 203 171 108 201 15
198 135 280 249 244 203 170 107 201 15
199 135 281 249 244 203 171 108 201 15
197 135 280 250 243 203 170 107 201 15
199 136 281 250 244 203 171 109 201 15
198 134 280 248 244 203 170 108 201 15
197 135 281 249 243 203 171 108 200 15
197 135 282 249 243 203 170 108 201 15
197 134 280 249 243 203 170 108 201 15
198 134 280 250 244 203 170 108 201 15
198 134 280 249 244 203 170 108 201 15
197 134 280 249 244 202 170 108 201 15
200 135 280 250 244 203 170 107 201 15
197 133 280 249 243 203 170 108 201 15
199 134 280 250 242 204 171 108 200 15
198 135 280 249 243 203 171 109 201 15
197 134 280 248 243 204 171 109 201 15
198 133 280 249 243 203 170 109 201 15
198 132 279 249 242 203 171 108 201 15
198 133 279 250 242 203 171 109 200 15
198 132 279 250 241 204 171 110 200 15
198 132 279 249 242 204 171 109 201 15
199 132 279 249 242 204 171 109 200 15
198 133 279 249 242 203 172 109 201 15
199 132 280 249 241 203 171 110 201 15
200 133 278 250 242 204 170 110 200 15
199 136 275 249 241 203 172 109 201 15
199 140 272 249 242 203 171 109 201 15
199 140 273 250 243 204 171 110 200 15
200 139 273 248 243 204 171 110 200 15
200 138 274 249 243 204 171 109 201 15
200 138 275 249 241 204 171 109 201 15
200 138 274 250 242 204 171 109 201 15
200 138 274 250 241 204 171 109 200 15
200 137 274 250 242 204 171 110 201 15
199 138 274 249 243 204 171 109 201 15
200 138 274 249 243 203 172 110 202 15
199 137 275 251 241 203 171 109 202 15
201 137 274 250 242 204 171 109 201 15
200 138 275 249 241 203 171 109 200 15
200 138 275 249 242 204 171 109 201 15
199 137 275 248 241 204 172 110 201 15
200 138 276 250 242 203 172 110 202 15
201 138 275 249 241 204 172 109 201 15
200 137 275 250 241 204 171 110 201 15
200 136 275 250 242 204 172 109 201 15
200 137 274 249 242 204 172 110 201 15
200 137 275 249 242 203 172 108 202 15
199 136 275 249 241 204 172 109 201 15
200 137 275 249 242 203 171 110 202 15
199 137 274 248 242 203 172 109 202 15
200 136 276 250 243 204 171 110 202 15
199 135 275 249 242 203 171 110 201 15
200 135 275 249 242 203 172 110 202 15
198 134 275 249 241 204 172 109 202 15
200 135 275 249 242 203 172 109 201 15
199 135 275 249 241 203 172 109 201 15
200 134 275 249 242 203 172 109 201 15
201 134 276 249 242 203 171 110 200 15
199 135 275 250 241 204 172 110 201 15
200 135 275 249 241 203 171 109 201 15
199 135 275 249 242 203 172 110 201 15
200 135 275 248 242 203 171 110 202 15
201 135 275 249 241 203 172 109 202 15
199 135 275 248 242 203 171 109 201 15
200 135 275 249 241 203 172 109 201 15
201 135 276 248 242 204 172 109 202 15
199 135 275 249 242 204 172 109 202 15
199 135 275 247 241 202 171 109 201 15
200 135 275 248 241 203 172 109 202 15
200 134 275 249 241 204 172 109 202 15
200 134 275 249 242 204 172 109 201 15
200 134 275 250 241 203 173 109 201 15
200 134 275 249 242 204 172 110 202 15
199 134 275 249 241 205 172 109 202 15
200 134 275 249 242 203 171 108 202 15
200 134 274 248 241 204 172 110 202 15
199 134 275 249 242 203 172 110 201 15
201 135 275 249 242 203 172 109 201 15
201 134 275 248 241 203 172 109 202 15
202 133 275 249 241 204 173 109 201 15
201 134 275 249 242 204 171 109 201 15
201 134 275 249 241 203 171 110 201 15
201 136 270 249 241 204 171 110 201 15
201 136 271 249 242 202 172 110 201 15
199 136 271 248 241 204 171 109 202 15
200 136 271 249 242 204 172 110 202 15
200 136 271 249 241 204 172 109 202 15
201 136 271 249 242 204 172 109 202 15
201 136 271 249 242 204 172 110 202 15
201 136 271 248 241 203 172 110 202 15
200 136 271 249 241 203 172 110 202 15
200 135 271 249 241 203 172 110 202 15
200 136 272 249 241 204 172 110 201 15
201 136 271 249 241 204 173 110 202 15
201 137 272 250 242 204 173 110 202 15
201 136 271 248 242 203 173 109 201 15
201 135 271 249 242 203 173 110 201 15
200 136 271 249 242 204 172 109 202 15
201 136 272 249 242 204 172 109 202 15
201 136 272 249 241 203 173 110 202 15
201 135 271 249 241 204 172 110 202 15
200 136 272 249 241 204 171 109 202 15
201 136 272 250 242 204 172 110 202 15
200 136 271 248 241 203 171 109 202 15
200 136 272 249 242 204 172 108 202 15
201 135 271 249 241 203 171 110 202 15
201 136 271 249 242 203 172 108 202 15
201 136 272 249 242 204 172 109 201 15
201 136 271 249 241 204 172 109 201 15
198 113 282 235 244 205 183 86 195 17
202 113 282 234 244 206 184 88 195 17
201 113 283 235 245 206 183 88 195 17
201 112 282 235 244 206 184 88 195 17
201 113 283 235 245 205 183 88 195 17
201 113 283 235 245 206 183 88 195 17
200 113 283 235 244 206 184 88 195 17
200 113 283 235 244 206 183 89 195 17
201 112 283 235 245 206 184 89 195 17
201 113 283 235 244 205 183 88 195 17
201 113 283 235 244 205 184 88 195 17
200 112 283 235 244 206 183 89 195 17
200 111 283 235 244 206 183 89 195 17
200 112 283 234 244 206 183 88 195 17
200 112 282 235 245 206 184 89 195 17
200 112 283 236 243 205 183 89 195 17
200 112 283 235 244 206 184 89 195 17
200 112 283 235 244 206 184 89 195 17
200 112 283 235 245 205 183 89 194 17
201 112 283 234 243 206 183 90 195 17
201 112 283 235 244 206 183 89 195 17
201 112 283 235 243 205 183 90 195 17
201 112 282 235 242 206 184 88 195 17
200 112 282 235 243 205 184 89 195 17
200 113 283 235 243 205 183 90 196 17
201 113 283 235 243 206 183 90 195 17
201 113 283 235 243 206 183 90 196 17
200 113 283 235 242 206 183 90 196 17
201 113 283 235 242 206 183 89 195 17
200 112 282 234 243 206 184 89 195 17
200 113 283 235 243 206 183 90 196 17
202 113 283 235 243 206 183 90 196 17
201 112 283 235 242 207 184 89 196 17
200 112 283 234 242 206 183 89 197 17
202 114 283 235 243 206 183 90 196 17
201 113 283 235 242 206 183 90 197 17
202 113 283 235 242 205 183 90 196 17
202 113 284 236 242 207 183 90 196 17
201 114 283 236 243 206 184 90 196 17
201 114 283 235 242 206 183 90 195 17
202 113 283 236 242 206 183 90 196 17
202 114 283 236 242 206 184 92 197 17
202 113 282 235 242 206 184 91 197 17
202 113 282 235 242 205 183 91 197 17
200 113 283 235 242 206 183 91 196 17
201 113 282 235 243 206 183 91 196 17
201 113 282 236 242 206 183 92 196 17
202 113 283 235 243 206 183 92 197 17
200 113 283 235 241 206 183 91 196 17
202 114 283 234 241 206 183 91 196 17
201 114 283 235 242 206 182 92 196 17
202 114 282 236 242 206 183 92 196 17
201 114 283 235 242 206 183 92 196 17
201 114 283 234 241 206 183 92 196 17
201 115 283 235 242 206 183 92 197 17
201 114 283 236 242 207 184 92 197 17
201 114 282 234 241 206 183 92 197 17
202 114 283 235 242 206 183 92 197 17
202 114 283 235 240 206 183 91 197 17
202 115 282 234 241 206 183 91 197 17
202 115 284 234 241 206 184 92 197 17
201 114 283 235 242 206 183 92 196 17
202 115 283 235 242 206 183 92 197 17
202 115 283 235 241 206 184 92 197 17
201 114 283 234 242 206 183 91 196 17
202 115 283 235 241 206 184 93 196 17
201 114 282 234 241 206 183 92 197 17
201 114 282 235 242 205 183 91 197 17
202 115 283 235 242 207 183 92 196 17
201 114 282 235 241 206 183 92 197 17
202 116 283 235 241 206 184 92 197 17
202 115 283 236 241 206 183 92 197 17
202 115 283 236 242 206 184 92 197 17
201 115 283 235 241 206 184 92 196 17
202 114 282 235 241 206 184 92 197 17
201 115 282 235 242 206 184 93 196 17
202 114 282 235 241 206 183 92 197 17
202 115 283 236 242 206 184 92 197 17
202 115 282 236 242 206 184 92 197 17
202 114 283 235 241 206 183 92 197 17
201 115 282 235 242 206 183 92 197 17
202 115 282 236 242 206 184 92 197 17
202 115 283 235 241 206 183 93 197 17
201 114 282 234 241 206 183 93 197 17
202 114 282 235 241 206 183 92 197 17
202 115 282 235 241 206 184 94 197 17
189 100 167 210 126 204 173 92 190 18
189 99 167 211 125 203 172 92 189 18
189 100 167 210 126 203 173 93 189 18
190 100 167 210 126 203 173 94 189 18
190 100 168 210 126 203 173 94 190 18
190 100 168 210 128 203 173 93 190 18
190 100 167 210 126 203 173 94 189 18
189 100 169 211 127 203 173 94 190 18
189 101 169 210 127 204 173 93 190 18
190 99 169 210 127 204 173 93 190 18
190 101 169 210 128 204 174 94 190 18
190 100 169 209 128 203 172 94 189 18
189 100 169 210 128 204 173 94 190 18
190 100 168 210 127 204 173 94 190 18
191 101 169 211 128 204 174 93 190 18
190 101 169 210 128 203 173 93 191 18
189 101 169 209 128 203 174 93 190 18
190 100 168 210 127 203 173 93 190 18
190 100 170 210 127 204 173 93 190 18
190 101 169 211 128 204 173 93 191 18
191 101 170 210 129 204 174 94 190 18
190 99 169 210 128 203 173 94 191 18
190 101 169 210 128 204 175 95 191 18
190 100 170 211 129 203 173 94 191 18
190 101 169 210 128 203 173 93 190 18
190 100 169 210 129 204 173 95 191 18
191 101 170 210 129 204 173 94 191 18
191 101 171 211 129 204 173 94 192 18
192 101 170 211 130 204 173 94 191 18
191 101 169 211 128 204 174 94 191 18
191 101 169 211 130 204 174 95 191 18
191 102 171 212 131 204 174 94 191 18
191 100 169 211 130 204 173 94 191 18
192 101 170 210 129 204 174 95 191 18
192 102 170 212 129 204 174 94 192 18
192 101 170 212 131 204 174 94 191 18
192 101 170 212 130 204 174 94 191 18
192 100 171 212 131 203 174 95 191 18
192 101 171 212 131 203 174 94 191 18
192 101 171 211 130 204 174 95 192 18
192 101 171 212 130 204 174 94 192 18
192 102 170 212 130 204 173 94 191 18
192 102 171 212 131 204 174 95 191 18
192 101 172 211 131 204 173 94 192 18
192 102 171 212 130 204 174 94 191 18
192 102 171 212 132 203 174 95 192 18
192 101 171 212 130 203 174 94 192 18
192 101 171 212 131 203 174 94 192 18
193 102 171 212 132 204 174 95 192 18
192 102 171 212 130 204 173 94 192 18
191 101 172 211 131 203 173 95 192 18
191 102 171 211 132 203 173 95 192 18
191 102 171 211 131 204 174 95 192 18
192 101 172 212 130 204 173 95 192 18
192 101 171 212 131 204 174 94 192 18
192 102 171 211 130 202 173 94 191 18
192 101 171 212 132 204 174 95 191 18
191 101 171 212 131 204 173 95 192 18
192 103 171 212 132 204 174 94 192 18
191 101 171 211 132 203 173 95 191 18
192 101 171 212 131 204 173 94 191 18
191 101 172 211 130 204 173 94 191 18
192 102 172 212 132 204 174 95 192 18
192 102 171 213 131 203 175 95 192 18
192 101 172 212 131 204 173 94 192 18
192 102 171 212 131 203 173 94 192 18
192 102 172 212 132 204 174 95 192 18
192 102 171 212 132 204 174 94 192 18
192 104 171 212 134 204 174 95 191 18
193 102 172 213 133 204 174 95 192 18
191 102 172 212 133 204 174 95 192 18
192 102 171 212 132 204 174 95 192 18
192 101 172 212 133 203 174 94 192 18
193 103 172 213 132 204 174 95 193 18
193 101 172 213 132 203 174 95 192 18
193 101 171 212 132 204 174 95 192 18
192 101 171 212 132 203 173 94 192 18
192 102 172 212 132 203 174 95 193 18
192 101 171 212 134 203 173 95 192 18
193 102 172 212 132 203 173 95 192 18
193 103 172 212 132 203 174 94 192 18
193 102 172 215 134 204 174 94 193 18
199 102 177 227 136 204 175 96 197 18
199 102 177 224 136 204 174 95 196 18
200 104 177 225 137 204 175 97 197 18
199 103 177 224 135 205 175 96 197 18
199 103 177 224 135 204 175 96 197 18
199 102 177 224 136 204 175 96 197 18
198 102 177 224 137 205 175 97 197 18
198 103 177 223 136 205 174 97 197 18
199 103 177 223 137 205 175 97 197 18
198 103 176 222 135 204 175 98 197 18
199 103 177 223 136 205 175 97 197 18
199 103 177 222 137 204 174 97 197 18
198 103 177 222 136 204 174 96 197 18
198 103 176 220 136 205 176 97 196 18
199 103 176 220 138 205 174 97 197 18
198 104 177 220 135 204 174 97 197 18
198 102 176 220 136 204 174 97 197 18
197 104 177 221 135 204 175 96 196 18
224 131 206 241 183 202 174 90 189 19
224 130 206 240 183 202 174 89 189 19
224 130 207 240 184 201 175 89 190 19
224 131 206 241 183 202 174 90 189 19
224 130 206 240 183 202 174 89 189 19
225 130 208 240 183 202 175 90 189 19
225 131 208 241 184 202 174 90 189 19
223 130 208 240 183 202 174 89 190 19
223 130 206 241 184 202 174 91 189 19
224 130 207 240 183 202 174 90 189 19
224 130 206 240 183 202 174 90 189 19
224 129 207 240 183 202 174 90 189 19
224 130 207 240 183 202 173 90 189 19
224 130 207 239 183 202 174 90 190 19
224 130 207 240 184 202 174 89 189 19
225 131 206 240 184 203 174 91 190 19
225 131 208 241 184 202 174 90 189 19
224 131 208 240 184 202 174 90 189 19
225 130 208 240 183 202 175 90 189 19
226 130 208 241 184 202 174 90 190 19
225 130 207 240 183 203 174 90 189 19
224 130 208 240 184 201 174 91 189 19
224 130 207 240 183 203 175 90 189 19
225 130 207 240 182 202 174 90 189 19
224 131 208 240 183 202 174 91 189 19
223 131 208 239 183 202 174 91 190 19
225 130 208 240 183 202 175 91 190 19
224 131 208 240 183 202 174 91 190 19
225 130 208 241 184 202 173 91 189 19
226 130 208 240 185 202 175 92 190 19
228 128 209 235 185 202 175 91 189 19
228 133 208 235 178 203 174 92 189 19
228 140 208 234 178 203 175 93 190 19
229 139 208 234 179 202 174 91 189 19
227 140 209 235 181 202 175 93 189 19
229 140 209 237 184 203 174 95 190 19
223 139 210 237 183 202 174 90 190 19
225 138 211 238 183 202 174 94 189 19
225 137 209 238 183 203 173 94 191 19
224 139 209 238 182 202 175 95 190 19
226 137 209 238 182 202 175 95 191 19
225 138 209 238 182 203 175 94 191 19
226 138 210 239 184 201 173 96 190 19
225 137 209 237 182 202 174 95 189 19
226 137 211 238 182 202 174 96 190 19
227 138 211 238 182 203 175 96 190 19
227 137 210 238 183 203 175 96 191 19
227 137 210 238 183 203 174 95 190 19
227 136 211 239 182 203 175 96 190 19
226 137 211 237 182 202 174 95 191 19
226 136 209 237 181 202 174 95 190 19
228 136 210 237 182 203 175 95 190 19
226 137 211 238 182 202 173 97 190 19
226 136 210 238 181 202 174 96 190 19
227 136 210 238 181 203 174 96 190 19
226 136 210 237 180 201 174 96 191 19
229 136 210 238 181 202 175 97 190 19
227 135 210 238 181 203 175 97 190 19
226 136 211 238 180 202 174 96 191 19
227 136 211 238 181 203 174 96 190 19
227 136 211 237 181 202 174 96 190 19
226 136 211 238 180 202 175 96 190 19
228 141 211 238 174 203 174 96 190 19
227 143 211 238 174 202 174 96 190 19
227 144 211 238 177 202 175 97 191 19
225 138 214 239 187 203 173 99 190 19
226 139 213 239 186 203 175 98 191 19
225 140 214 238 184 202 173 99 191 19
226 140 214 239 185 202 175 98 191 19
227 139 215 239 184 202 174 98 191 19
226 140 213 240 184 202 174 98 191 19
227 140 214 239 184 202 174 98 192 19
227 140 214 238 184 202 175 98 191 19
226 140 214 239 185 203 175 98 192 19
183 126 294 242 245 207 180 90 201 20
181 125 293 241 245 207 180 91 201 20
183 126 294 241 245 207 180 90 201 20
183 126 294 242 245 207 180 90 201 20
182 127 294 241 245 207 181 92 201 20
183 125 294 241 244 207 181 91 201 20
181 126 293 241 244 206 180 92 200 20
183 128 294 241 245 207 181 94 201 20
183 129 294 241 245 206 181 94 200 20
185 129 294 241 244 206 180 94 200 20
186 129 294 241 245 206 181 96 200 20
187 129 294 242 245 207 181 97 201 20
186 129 294 241 245 206 181 96 200 20
189 129 295 242 246 206 181 96 201 20
190 130 294 242 245 207 181 96 202 20
190 131 294 241 246 206 180 96 201 20
190 130 294 242 246 207 182 97 202 20
190 129 294 242 245 206 181 97 202 20
190 131 294 242 246 205 181 97 202 20
189 130 295 242 245 207 182 96 202 20
190 130 295 242 245 207 182 97 202 20
190 131 295 241 246 205 182 96 202 20
190 130 294 241 245 206 182 96 202 20
190 130 295 241 246 206 182 97 202 20
191 130 295 242 246 207 182 97 203 20
191 130 295 241 245 206 182 97 202 20
191 131 295 242 246 207 182 97 202 20
190 130 294 242 246 206 182 97 202 20
193 130 295 242 245 206 182 97 202 20
191 131 295 242 246 206 182 97 203 20
191 131 295 242 246 206 182 97 203 20
190 132 295 240 247 206 182 97 202 20
191 130 295 242 246 206 182 97 202 20
191 131 294 242 246 207 182 97 203 20
191 131 295 242 245 207 183 96 202 20
190 130 295 241 245 206 182 97 202 20
191 131 295 241 246 206 182 97 203 20
191 131 295 241 245 206 182 96 202 20
191 131 295 242 246 207 182 97 202 20
192 131 295 243 246 206 182 97 203 20
192 132 295 243 245 206 182 97 202 20
191 131 295 242 246 207 182 97 202 20
191 131 295 242 246 206 182 97 202 20
192 132 295 242 246 207 182 97 203 20
192 132 295 242 247 207 183 97 202 20
191 131 294 241 246 207 182 97 203 20
191 131 295 243 246 207 182 98 202 20
194 132 295 242 246 206 183 86 200 20
203 131 295 245 245 207 181 86 198 20
203 130 294 244 246 207 182 87 198 20
203 131 295 244 246 206 182 87 199 20
202 131 295 245 246 206 182 87 199 20
201 131 295 244 246 207 182 88 200 20
201 132 294 243 247 205 182 87 199 20
201 131 295 244 246 207 182 89 199 20
200 131 295 244 246 207 182 88 199 20
200 132 296 244 246 207 182 87 199 20
199 131 295 244 246 207 182 89 200 20
199 132 295 244 246 206 182 89 199 20
200 132 295 244 246 207 182 90 200 20
199 131 295 243 246 207 182 88 199 20
199 131 295 244 246 207 182 89 201 20
200 131 295 244 246 207 182 89 200 20
199 131 295 245 246 207 182 90 200 20
197 131 295 244 246 207 182 90 200 20
197 132 295 244 246 207 182 91 200 20
196 132 295 244 246 207 182 90 200 20
197 133 295 244 245 207 182 90 200 20
197 132 295 244 245 207 182 90 200 20
196 132 295 244 245 207 183 92 201 20
206 127 298 246 252 202 180 236 120 21
208 127 295 247 252 202 180 244 117 21
207 128 297 246 252 202 180 230 123 21
206 127 298 246 252 202 180 236 120 21
208 127 295 247 252 202 180 244 117 21
207 128 297 246 252 202 180 230 123 21
206 127 298 246 252 202 180 236 120 21
207 129 299 247 252 202 179 257 110 21
207 131 300 247 252 202 180 262 108 21
208 131 299 247 252 202 180 257 110 21
207 131 300 247 252 202 179 258 109 21
209 131 299 247 251 202 179 263 108 21
229 132 300 248 251 203 179 280 96 21
229 133 300 247 252 203 178 258 108 21
224 134 301 247 251 203 179 258 110 21
224 134 301 246 252 203 177 251 113 21
224 135 301 248 251 202 179 261 108 21
223 136 301 247 251 203 178 259 110 21
220 136 302 248 252 201 178 255 112 21
221 137 301 247 251 201 177 255 112 21
221 137 300 247 251 202 178 255 111 21
227 136 301 247 251 202 177 236 121 21
203 137 300 248 251 203 178 99 193 21
206 136 300 247 250 203 178 95 194 21
208 137 300 247 251 204 178 96 194 21
209 137 301 247 250 203 178 185 149 21
208 137 300 246 250 202 179 99 194 21
212 136 298 247 252 203 180 101 194 21
213 124 295 248 252 204 183 103 195 21
212 123 295 248 251 204 182 102 194 21
213 124 296 247 251 203 183 102 194 21
214 125 297 247 252 204 182 102 194 21
213 128 298 246 252 203 184 103 194 21
214 127 297 247 251 204 183 179 155 21
213 128 298 247 252 203 183 104 195 21
215 127 299 248 251 204 183 243 121 21
214 128 299 246 252 203 183 239 123 21
214 128 299 247 251 204 182 241 122 21
214 128 299 246 252 203 182 242 122 21
214 128 300 247 252 203 182 213 138 21
214 128 300 247 251 203 182 215 136 21
214 128 299 247 251 202 182 236 124 21
214 127 300 246 251 203 181 241 121 21
214 128 299 246 252 203 182 248 119 21
213 128 300 246 252 204 181 254 116 21
213 128 299 246 251 202 182 253 116 21
214 129 300 248 252 203 182 263 110 21
215 129 300 247 251 203 182 264 110 21
216 131 299 247 252 203 182 268 109 21
215 131 298 247 252 202 182 268 108 21
216 137 297 247 252 202 181 271 107 21
220 135 294 247 252 203 183 272 107 21
218 129 290 247 252 203 183 269 109 21
219 134 291 247 253 203 184 273 108 21
220 135 293 248 253 204 184 280 104 21
217 133 293 248 253 202 183 279 103 21
217 132 294 247 253 203 183 287 99 21
216 132 295 247 252 203 184 287 99 21
218 133 296 247 252 202 184 280 102 21
216 133 297 247 252 203 183 286 99 21
215 133 297 247 252 203 183 286 99 21
216 134 299 248 253 202 183 286 100 21
215 135 299 246 253 202 182 279 104 21
216 135 299 247 253 202 184 286 100 21
217 137 300 247 252 203 183 286 99 21
216 137 299 247 252 202 184 286 100 21
215 137 299 247 252 202 183 287 99 21
215 137 300 248 253 202 183 279 104 21
216 137 300 247 253 202 183 287 99 21
216 138 300 247 253 202 183 287 100 21
217 139 300 247 252 202 183 279 104 21
216 139 300 247 253 202 183 280 103 21
216 139 300 248 252 202 183 279 104 21
215 139 300 248 253 201 183 279 104 21
216 139 301 248 252 201 183 279 104 21
216 139 301 247 252 202 183 279 105 21
270 132 301 231 251 209 187 94 210 22
269 132 301 231 250 208 187 94 211 22
268 133 301 231 251 209 187 94 210 22
272 131 301 231 249 207 188 91 207 22
273 134 301 232 250 209 186 93 209 22
273 135 301 233 249 209 186 92 209 22
273 137 301 233 250 209 185 91 208 22
273 135 300 232 249 208 185 91 209 22
274 136 301 233 249 208 185 91 208 22
275 137 301 232 250 208 185 93 208 22
273 136 301 232 249 208 184 92 208 22
273 136 301 232 249 208 185 88 207 22
274 138 301 232 249 207 186 89 206 22
273 137 301 232 249 207 185 90 207 22
272 137 300 232 250 208 185 88 206 22
273 137 300 232 249 207 185 89 207 22
273 137 301 232 249 208 184 88 205 22
274 137 301 233 250 207 184 89 206 22
273 138 301 233 249 207 185 90 207 22
274 138 301 234 249 208 184 91 207 22
273 138 301 233 249 208 184 91 206 22
272 137 301 232 248 208 184 90 206 22
273 138 301 233 250 207 185 91 205 22
273 139 301 233 249 207 183 91 205 22
273 140 301 233 249 208 183 91 206 22
272 141 301 232 249 208 183 91 206 22
274 141 301 233 249 207 183 91 206 22
272 140 301 232 249 207 182 92 206 22
273 141 300 231 248 207 184 91 206 22
273 141 300 231 249 207 185 91 205 22
273 141 301 231 249 206 184 91 204 22
274 143 301 231 248 207 184 90 204 22
273 142 300 232 249 206 183 87 201 22
273 142 301 232 248 206 183 89 202 22
273 141 300 231 248 206 183 91 201 22
273 142 301 231 248 206 183 91 202 22
274 141 301 231 248 206 183 92 203 22
272 141 301 232 248 206 182 92 202 22
273 141 301 232 248 206 183 93 203 22
272 140 301 231 249 207 183 93 204 22
273 141 300 231 248 206 182 94 203 22
273 141 300 232 249 206 183 95 203 22
273 140 301 232 249 206 182 97 204 22
272 140 301 232 248 206 182 96 204 22
272 139 300 232 247 206 183 97 204 22
273 136 301 233 247 207 182 96 205 22
272 136 300 232 247 206 182 96 204 22
272 137 301 232 247 206 181 96 204 22
272 137 300 231 247 207 182 97 205 22
273 137 300 232 247 206 181 96 204 22
273 136 301 232 247 207 181 99 204 22
273 136 300 233 248 206 181 98 205 22
273 136 301 233 247 206 181 99 205 22
272 136 301 232 247 205 181 97 203 22
273 136 300 233 247 206 181 98 204 22
273 137 301 233 247 206 181 100 204 22
273 138 301 232 246 205 181 100 204 22
273 137 301 233 246 206 181 101 204 22
273 137 300 232 246 206 180 101 205 22
272 137 301 233 247 205 180 100 203 22
272 137 301 233 247 205 180 100 204 22
272 137 300 233 247 205 181 101 204 22
273 136 300 232 246 206 180 101 204 22
272 137 300 232 246 206 180 103 204 22
272 136 300 233 247 206 181 104 204 22
273 136 300 233 246 206 181 102 204 22
273 135 300 233 247 206 181 104 205 22
272 136 301 233 246 205 181 103 204 22
272 134 300 233 247 206 180 104 204 22
273 135 300 233 247 207 181 104 204 22
272 134 300 233 246 206 181 103 205 22
272 134 300 233 247 207 181 103 204 22
272 135 300 233 248 206 181 105 205 22
272 136 300 232 248 206 181 106 204 22
272 138 300 233 248 207 181 107 205 22
273 140 300 236 248 206 181 109 206 22
273 142 301 238 249 205 181 111 206 22
273 143 301 240 248 206 181 112 205 22
273 145 300 239 248 205 181 114 205 22
274 145 301 240 248 207 182 114 206 22
274 146 300 240 248 206 182 114 206 22
273 147 301 240 249 206 182 114 206 22
272 146 301 239 248 206 181 115 206 22
272 146 300 239 248 207 183 116 206 22
273 146 300 239 248 206 183 111 206 22
273 147 300 240 249 206 182 110 205 22
273 147 300 240 248 206 182 112 206 22
272 146 300 239 248 206 182 112 206 22
273 147 301 239 249 206 183 113 206 22
191 149 173 208 184 202 174 101 199 23
189 148 174 208 184 204 173 101 199 23
190 148 173 208 184 203 173 100 199 23
190 149 174 208 184 203 174 101 199 23
191 149 174 208 184 202 173 101 198 23
190 148 173 208 184 203 174 100 199 23
190 149 174 208 184 203 174 101 199 23
190 149 174 208 185 203 174 101 198 23
190 149 174 209 184 203 173 101 198 23
191 148 174 208 184 203 173 101 199 23
191 148 174 208 184 204 174 101 199 23
191 147 173 208 184 203 173 100 198 23
190 147 174 208 184 203 174 101 199 23
191 148 174 208 184 203 173 101 199 23
191 148 174 207 184 203 174 99 199 23
191 148 174 209 185 203 174 100 199 23
191 147 174 209 184 203 173 101 198 23
191 148 174 209 185 203 173 100 198 23
192 148 174 208 184 203 173 100 198 23
192 148 174 209 184 203 173 101 199 23
191 148 174 208 183 203 174 101 199 23
191 148 174 207 184 203 174 101 199 23
191 148 175 208 184 202 174 100 199 23
191 148 175 208 184 203 174 101 198 23
191 148 174 209 185 203 174 101 199 23
191 148 174 208 184 203 174 100 199 23
191 148 174 209 185 203 173 101 198 23
192 148 174 209 185 203 174 101 200 23
192 148 174 209 184 203 173 100 198 23
191 148 174 207 184 203 173 101 199 23
191 149 174 208 184 203 173 101 199 23
191 148 173 209 185 202 173 101 199 23
191 149 174 208 184 203 174 101 199 23
191 148 175 208 184 203 173 101 199 23
193 150 175 209 189 203 173 101 199 23
191 150 173 209 189 204 174 100 198 23
191 149 173 209 187 203 173 101 199 23
191 150 173 208 184 203 174 101 199 23
191 150 174 209 184 203 174 101 199 23
192 149 174 207 184 203 174 101 199 23
191 150 174 208 183 203 173 100 199 23
191 150 174 209 184 203 173 101 199 23
192 149 174 208 184 204 173 101 199 23
192 150 174 208 184 203 174 101 198 23
191 149 174 209 184 203 173 101 199 23
192 150 173 208 185 202 174 101 199 23
192 150 174 209 184 204 173 101 199 23
191 150 174 209 184 203 173 100 199 23
192 149 174 208 185 203 174 101 199 23
191 149 174 208 184 203 173 101 199 23
192 150 174 208 185 204 174 101 199 23
192 150 173 208 185 203 174 101 199 23
191 149 174 208 184 203 173 101 198 23
191 149 173 208 185 203 174 100 199 23
191 149 174 209 184 203 173 101 199 23
192 150 174 209 184 203 173 101 198 23
192 150 174 209 184 203 173 101 199 23
192 150 174 208 185 203 174 101 198 23
191 150 173 210 185 202 174 101 199 23
192 150 174 209 185 204 174 101 199 23
194 149 174 208 184 203 173 101 199 23
192 150 174 209 186 202 173 101 199 23
191 150 174 208 185 203 174 101 199 23
192 149 174 210 185 203 173 101 199 23
192 150 174 209 185 203 174 100 199 23
192 150 174 208 184 203 173 101 199 23
193 150 175 209 184 202 173 100 199 23
192 151 174 209 186 203 174 101 199 23
210 100 183 241 128 206 173 185 246 24
210 99 183 240 129 205 173 186 246 24
212 100 183 239 129 206 172 185 246 24
210 99 184 238 129 207 173 185 246 24
211 99 184 238 128 206 172 185 245 24
211 99 183 239 129 206 173 184 245 24
212 100 185 240 130 206 172 185 245 24
210 100 184 239 128 205 173 185 246 24
211 100 184 239 130 205 173 184 245 24
212 100 184 239 130 206 173 184 245 24
211 100 184 238 130 206 173 184 245 24
210 100 177 238 129 206 172 183 245 24
210 101 179 238 130 205 172 183 245 24
211 99 179 238 131 206 172 183 245 24
211 100 179 239 129 206 172 183 245 24
210 100 177 239 129 206 172 183 245 24
213 101 179 240 129 205 173 184 245 24
211 99 178 239 129 205 173 183 245 24
211 100 177 238 130 206 172 184 244 24
212 100 177 238 130 205 173 183 245 24
212 100 179 239 131 206 173 183 245 24
211 100 178 239 130 206 173 182 245 24
211 100 178 238 130 205 173 183 245 24
211 100 178 239 129 206 172 183 245 24
212 100 179 239 130 205 172 182 245 24
210 100 179 238 130 205 173 183 245 24
211 101 179 239 129 206 173 182 245 24
211 100 179 238 129 205 172 182 245 24
210 100 179 238 132 205 173 183 245 24
211 100 180 239 130 205 173 182 245 24
212 100 179 238 130 205 172 181 244 24
211 101 178 239 131 206 172 182 245 24
211 100 179 239 130 206 172 181 245 24
210 100 179 238 130 205 172 181 244 24
212 100 179 238 132 205 172 181 245 24
212 100 179 238 131 206 173 180 244 24
211 100 180 238 131 205 173 181 245 24
211 100 179 239 131 205 173 181 245 24
211 100 179 238 132 206 172 181 244 24
210 101 180 237 131 206 172 181 244 24
211 100 179 238 131 205 172 180 244 24
212 100 178 238 132 205 172 181 245 24
212 102 178 238 131 205 173 180 244 24
211 101 178 237 131 206 172 180 245 24
211 101 178 239 131 206 173 180 245 24
211 101 178 237 133 206 172 180 244 24
211 101 179 237 131 205 173 180 245 24
211 100 178 238 133 205 172 179 244 24
211 101 178 237 132 207 173 180 244 24
210 101 178 237 132 205 172 179 244 24
211 101 179 239 132 206 173 179 244 24
211 101 179 238 132 205 173 179 244 24
210 101 179 237 131 205 172 179 244 24
211 100 179 235 131 205 173 179 244 24
210 101 178 234 133 205 173 179 244 24
212 101 178 235 134 205 173 178 244 24
211 101 179 235 133 206 172 179 244 24
212 101 179 235 132 206 173 179 244 24
211 101 178 234 134 205 173 178 245 24
211 101 179 235 133 205 173 178 244 24
212 100 179 235 133 205 173 178 244 24
211 102 179 235 133 206 173 178 244 24
211 100 179 235 134 206 172 177 244 24
211 100 178 235 133 205 172 177 244 24
211 100 179 235 133 205 172 177 244 24
212 101 180 234 134 205 173 177 243 24
210 101 179 234 133 205 172 176 243 24
211 101 179 235 133 205 173 176 244 24
212 101 179 236 134 205 173 177 243 24
211 101 179 234 134 205 173 176 244 24
211 101 179 234 133 206 172 176 244 24
211 101 179 234 133 205 172 177 244 24
211 101 179 235 133 205 173 177 244 24
211 101 179 237 132 205 172 178 244 24
209 100 177 237 131 205 172 178 244 24
210 101 176 237 131 205 173 178 244 24
210 100 176 236 130 205 172 178 244 24
210 99 177 237 131 206 172 179 244 24
210 100 176 238 131 205 172 178 243 24
